1.26393
0.269727
0.106013
1.84308
1.34312
0.322236
0.164298
1.84715
1.10442
0.279031
0.145404
1.85576
1.26534
0.203763
0.0964154
1.88098
1.68812
0.257094
0.102221
1.88326
1.59348
0.187883
0.133001
1.90084
1.4458
0.20337
0.158478
1.91093
1.52617
0.327257
0.241842
1.92438
1.24487
0.248687
0.215717
1.92508
1.43307
0.221786
0.226979
1.91145
1.35166
0.178082
0.134678
1.92839
1.41934
0.210361
0.0862348
1.92253
1.3694
0.21539
0.128055
1.89305
1.63558
0.250679
0.135477
1.92259
1.2273
0.197771
0.208307
1.93719
0.925064
0.24655
0.150538
1.93665
1.11813
0.324498
0.158292
1.89825
1.04942
0.23551
0.178632
1.92805
1.05329
0.337109
0.180689
1.92492
1.07475
0.232682
0.144104
1.90934
1.01186
0.229477
0.178099
1.91956
0.930106
0.472028
0.300331
1.92863
0.908539
0.355115
0.124636
1.91752
1.0291
0.246942
0.0866169
1.92251
0.990285
0.373003
0.125085
1.90984
0.940867
0.272811
0.165331
1.93264
0.841014
0.204338
0.169771
1.90842
0.900339
0.324821
0.152671
1.92527
0.865556
0.445993
0.188059
1.94403
1.048
0.195618
0.0865207
1.91982
1.09916
0.210478
0.106161
1.90589
0.921479
0.27813
0.198066
1.91964
1.00442
0.463618
0.0904704
1.91659
0.991373
0.273644
0.181856
1.8855
0.89366
0.288848
0.0862385
1.89215
0.959155
0.235717
0.133218
1.86758
0.992898
0.572903
0.163119
1.90091
1.01283
0.54135
0.151092
1.8592
1.00856
0.266023
0.0920206
1.86932
1.02271
0.325666
0.12449
1.87353
0.999427
0.303378
0.105944
1.88761
1.04826
0.23738
0.101045
1.85875
0.973333
0.298614
0.0806616
1.87831
0.82962
0.188543
0.10076
1.86807
0.937707
0.108322
0.0959745
1.90462
0.937562
0.204364
0.0714838
1.86223
1.19255
0.108873
0.0775655
1.83466
1.08783
0.110362
0.0821777
1.84138
1.1222
0.175131
0.0705914
1.83155
1.04174
0.154609
0.0845246
1.87496
0.934224
0.195501
0.0898949
1.87677
0.959516
0.15793
0.0939911
1.85415
0.961551
0.179823
0.0921412
1.83813
1.02119
0.071094
0.093242
1.8477
1.01736
0.156898
0.0980871
1.87748
0.926504
0.105631
0.0864609
1.82349
1.02033
0.140268
0.0929972
1.84804
1.07378
0.132826
0.100522
1.83132
1.06165
0.136523
0.0881197
1.86669
1.07921
0.11799
0.0967856
1.88284
1.1285
0.17739
0.0927861
1.87988
1.04241
0.163738
0.106155
1.85693
0.940164
0.180519
0.0796881
1.9046
1.09471
0.156712
0.100986
1.85237
1.08872
0.147798
0.104457
1.83583
1.06911
0.143997
0.0793973
1.85269
1.05484
0.216679
0.104767
1.84528
1.05659
0.135797
0.103191
1.86132
1.17967
0.168437
0.125607
1.85845
0.878857
0.149668
0.198894
1.83585
0.798467
0.307498
0.199734
1.85582
0.825676
0.175754
0.122892
1.81262
0.606245
0.2471
0.10574
1.82609
0.790464
0.145594
0.101239
1.80575
0.953207
0.244313
0.09464
1.82569
0.943377
0.57152
0.121209
1.79786
0.828423
0.146693
0.142528
1.82829
0.806421
0.154968
0.142185
1.81241
0.689256
0.374956
0.162188
1.81814
0.595191
0.70459
0.143578
1.85239
0.546334
0.453678
0.14751
1.81992
0.535213
0.409045
0.135763
1.84739
0.625529
0.311142
0.113276
1.87567
0.568881
0.242889
0.147741
1.84782
0.54727
0.397217
0.163994
1.86906
0.492002
0.438884
0.125767
1.8367
0.471927
0.345957
0.145533
1.79852
0.499825
0.249158
0.126672
1.78881
0.673222
0.361646
0.106269
1.78729
0.907575
0.297073
0.123066
1.8323
0.626425
0.220344
0.160121
1.83724
0.746929
0.196764
0.136286
1.73928
0.803581
0.147095
0.156201
1.72675
0.68917
0.222676
0.147616
1.71623
1.02654
0.238784
0.140308
1.76926
0.533451
0.407582
0.123451
1.79375
1.19291
0.265885
0.146884
1.77171
0.928837
0.366559
0.124245
1.71951
0.69028
0.337453
0.129476
1.76671
0.637295
0.309086
0.168502
1.74754
0.965622
0.33914
0.193606
1.71713
0.73691
0.344522
0.14973
1.75492
0.663712
0.280385
0.275469
1.69858
0.978247
0.347463
0.215556
1.77267
1.00385
0.427034
0.240898
1.75576
0.994165
0.3064
0.217823
1.7159
1.1575
0.25345
0.165818
1.67033
1.68024
0.344634
0.170444
1.61011
1.22375
0.312824
0.113595
1.64112
1.62271
0.247236
0.144455
1.7238
1.33333
0.231056
0.146857
1.72547
1.24715
0.288905
0.217547
1.63355
1.22623
0.367334
0.224277
1.59491
1.17645
0.306967
0.157692
1.53161
1.41801
0.284245
0.242906
1.62698
1.55628
0.324012
0.180147
1.68184
1.65107
0.325367
0.133684
1.51134
1.82285
0.3045
0.142527
1.42262
1.81933
0.345108
0.112184
1.27528
1.85559
0.50833
0.0960479
1.14884
1.82248
0.432688
0.104061
1.1084
1.71584
0.632314
0.110986
0.977585
1.68715
0.725258
0.124567
0.863988
1.81569
0.941859
0.177152
1.00014
1.81199
0.864063
0.154902
0.948615
1.74269
0.817948
0.185315
0.797741
1.86638
0.781549
0.156596
0.788444
1.58106
1.00339
0.154998
0.757757
1.85249
1.08829
0.2291
0.808146
1.72108
1.06623
0.164494
0.811092
1.72388
1.15759
0.184717
0.781361
1.65758
0.843589
0.172787
0.873199
1.72743
1.11506
0.163997
0.82307
1.37392
1.01468
0.219105
0.857721
1.60034
0.675773
0.223545
0.918338
1.52573
0.701367
0.183391
0.840793
1.39684
0.819723
0.166874
0.858391
1.54415
0.744158
0.170708
0.961623
1.39099
0.768975
0.196069
0.942974
1.49122
0.788043
0.241434
0.907542
1.4416
0.777434
0.214414
0.968775
1.22828
0.868768
0.183648
0.885295
1.2077
0.688722
0.168974
0.929405
1.04742
0.856317
0.22451
0.962526
1.1244
0.828229
0.164063
0.889895
1.18272
0.982869
0.225558
0.963284
0.931934
0.96292
0.219075
1.17932
1.27354
1.09293
0.217743
0.850924
0.607465
1.11553
0.218442
0.818536
0.505808
0.732318
0.193867
0.923101
1.02995
0.761664
0.232082
0.922008
0.596216
0.866575
0.292972
0.897132
0.767798
0.741843
0.175861
0.80633
1.12792
0.84308
0.245556
1.01036
1.09842
0.694648
0.230151
0.829421
1.00175
0.751701
0.24106
0.764987
0.672229
0.671948
0.328395
0.798436
0.7717
0.756074
0.274249
0.895953
0.556838
0.75109
0.318945
0.978035
0.458772
0.77537
0.378242
0.686529
0.543005
0.930539
0.378203
0.715744
0.595348
0.737142
0.516461
0.959533
0.622384
0.858112
0.363996
0.689177
0.540113
0.97898
0.624942
0.638551
0.509657
0.83845
0.451949
0.738843
0.521472
0.956907
0.305737
0.615186
0.612597
0.750213
0.298557
0.703957
0.732469
0.775164
0.306235
0.808297
0.654198
0.75277
0.382196
0.920271
0.699876
0.836672
0.336607
0.84246
0.558107
0.84964
0.371003
0.773542
0.742713
0.825562
0.331945
0.67886
0.705803
0.759937
0.342242
0.561675
0.446893
0.734087
0.346605
0.705051
0.667033
0.879763
0.333963
0.605255
0.623157
0.782051
0.230809
0.614624
0.471371
0.735886
0.264547
0.566723
0.420953
0.887009
0.244693
0.677391
0.459436
0.867081
0.373977
0.649974
0.412811
0.770838
0.42263
0.596568
0.422238
0.82352
0.426076
0.67375
0.366992
1.04609
0.214265
0.714603
0.530692
0.694412
0.287158
0.617126
0.541518
0.877317
0.191079
0.652333
0.578542
0.687589
0.292128
0.653378
0.737691
0.621012
0.284875
0.698103
0.753438
0.748716
0.249334
0.795929
0.632621
0.637391
0.259855
0.591514
0.732578
0.605815
0.226771
0.662515
0.703319
0.838271
0.32957
0.719444
0.587037
0.974082
0.29095
0.822366
0.639013
0.82055
0.371126
0.764934
0.71897
0.953257
0.318746
0.847692
0.444554
0.9167
0.301825
0.637503
0.432966
1.20745
0.316649
0.77574
0.756185
0.787159
0.289642
0.640929
0.468388
0.73867
0.478236
0.511675
0.346605
0.976626
0.425191
0.53447
0.30355
0.756536
0.398704
0.583625
0.257911
0.797953
0.423812
0.5632
0.169498
0.795557
0.535075
0.626091
0.534051
0.91212
0.441239
0.689042
0.34564
0.740655
0.396914
0.592805
0.302942
0.925604
0.431326
0.501759
0.357109
0.882821
0.51941
0.532942
0.298652
0.888329
0.503371
0.439714
0.569866
0.867849
0.487281
0.612047
0.5192
0.8142
0.618037
0.466173
0.40061
0.948142
0.449488
0.56159
0.466065
0.913307
0.397457
0.563827
0.523827
0.765234
0.504992
0.484254
0.378632
0.865391
0.418862
0.534963
0.712779
0.853651
0.477513
0.542222
0.370875
0.65266
0.429723
0.627315
0.563144
0.60633
0.38339
0.790339
0.441232
0.696399
0.262798
0.827564
0.372492
0.703527
0.354653
0.607324
0.246123
0.509639
0.198243
0.615081
0.327097
0.483879
0.260718
0.660627
0.228625
0.557184
0.270624
0.622568
0.384208
0.595156
0.392721
0.723982
0.238146
0.680018
0.25375
0.667275
0.363911
0.336291
0.273981
0.683319
0.402437
0.519493
0.228593
0.602078
0.378756
0.699617
0.230992
0.694372
0.495692
0.539558
0.209237
0.680546
0.361759
0.532262
0.260163
0.560457
0.391427
0.519822
0.268535
0.50555
0.399749
0.604255
0.271204
0.690166
0.393416
0.538255
0.270433
0.688602
0.369592
0.63383
0.308093
0.488719
0.446982
0.412671
0.421446
0.472009
0.337195
0.486387
0.400792
0.422753
0.268399
0.582215
0.322728
0.40086
0.444409
0.49037
0.327992
0.509195
0.502838
0.599729
0.449709
0.453731
0.342533
0.549766
0.623717
0.447834
0.373466
0.431114
0.294028
0.457312
0.533364
0.586195
0.253249
0.45914
0.543553
0.517489
0.290454
0.427526
0.401771
0.500816
0.21574
0.488082
0.654066
0.504363
0.255033
0.433677
0.391555
0.728585
0.21759
0.500831
0.60776
0.332265
0.234385
0.471585
0.580206
0.399586
0.215881
0.48284
0.610916
0.400316
0.159709
0.502091
0.701112
0.374907
0.200125
0.52015
0.659815
0.432827
0.202019
0.448552
0.860989
0.553083
0.166377
0.701751
0.732529
0.567317
0.200986
0.485535
0.730362
0.417481
0.254414
0.437653
0.726644
0.38194
0.227756
0.440625
0.764952
0.531288
0.156287
0.322648
0.531774
0.476137
0.189431
0.363788
0.493889
0.559836
0.306058
0.340837
0.635369
0.55763
0.281782
0.453633
0.644226
0.753451
0.204312
0.383423
0.445877
0.558535
0.331084
0.35897
0.683222
0.383533
0.255556
0.332597
0.366062
0.557347
0.234309
0.445921
0.623643
0.51642
0.231341
0.266436
0.568082
0.466234
0.207723
0.386673
0.426497
0.57643
0.190336
0.260862
0.550633
0.773229
0.213422
0.348417
0.525271
0.43788
0.412329
0.290631
0.559866
0.336456
0.207312
0.352031
0.543662
0.327451
0.188482
0.398029
0.857344
0.341534
0.160743
0.387779
0.637415
0.43191
0.165222
0.366597
0.740007
0.437985
0.156277
0.266056
0.818409
0.406944
0.161894
0.326822
0.62196
0.384846
0.161954
0.361659
0.71021
0.312366
0.178862
0.246454
0.828355
0.40358
0.193905
0.263973
0.543304
0.384164
0.213966
0.283451
0.54862
0.374587
0.192248
0.254675
0.86875
0.319124
0.20601
0.316494
0.411007
0.46367
0.298082
0.293447
0.503869
0.354175
0.337172
0.264639
0.353637
0.510647
0.219696
0.294379
0.715196
0.400858
0.28631
0.310561
0.496067
0.450481
0.251321
0.344159
0.603445
0.461905
0.293645
0.35212
0.443805
0.417507
0.157432
0.337429
0.598297
0.438308
0.208944
0.32593
0.498394
0.441082
0.265098
0.312755
0.712186
0.416694
0.229096
0.384053
0.385979
0.48246
0.314744
0.352893
0.365634
0.617679
0.401162
0.383264
0.425895
0.674957
0.279743
0.438684
0.489867
0.709605
0.230826
0.318348
0.526566
0.759194
0.375493
0.464177
0.392583
0.581766
0.244003
0.372518
0.440861
0.580618
0.291026
0.448371
0.64845
0.473946
0.294682
0.309788
0.335015
0.44469
0.230071
0.30317
0.318055
0.401465
0.352678
0.364617
0.383601
0.473552
0.225753
0.412162
0.584893
0.346259
0.236213
0.38673
0.58963
0.458271
0.201295
0.45231
0.355805
0.488323
0.255839
0.506767
0.552562
0.386681
0.225144
0.389864
0.320731
0.51868
0.233163
0.332336
0.464216
0.390744
0.273528
0.413245
0.344246
0.459444
0.241686
0.456041
0.312744
0.355836
0.217619
0.338491
0.468093
0.429139
0.260455
0.323176
0.277799
0.411164
0.21705
0.310924
0.321675
0.274058
0.228952
0.407682
0.492893
0.410155
0.212401
0.491724
0.514244
0.325742
0.245867
0.319034
0.48279
0.424412
0.232396
0.307836
0.367629
0.356867
0.223131
0.346376
0.515476
0.42767
0.245714
0.291953
0.271051
0.422937
0.221314
0.322919
0.302653
0.615232
0.221419
0.272375
0.366036
0.348908
0.17531
0.29438
0.352858
0.264584
0.215814
0.391272
0.316481
0.34084
0.214173
0.333764
0.428598
0.247696
0.186861
0.357196
0.426764
0.560321
0.226548
0.355314
0.753569
0.320938
0.202352
0.359212
0.469941
0.324292
0.204987
0.383298
0.358506
0.241237
0.195363
0.353166
0.485841
0.242452
0.202456
0.465087
0.372612
0.279015
0.195446
0.362037
0.389541
0.301339
0.22243
0.372064
0.352044
0.260634
0.304799
0.274001
0.611677
0.312247
0.21823
0.245815
0.66388
0.422851
0.282015
0.27585
0.704946
0.242209
0.225569
0.279875
0.41208
0.228329
0.237518
0.386081
0.525429
0.326368
0.34415
0.234274
0.631789
0.292084
0.176265
0.291148
0.340441
0.311538
0.236987
0.335289
0.401817
0.27452
0.21465
0.272778
0.295813
0.394809
0.339447
0.285688
0.321264
0.370654
0.268197
0.293253
0.390986
0.268152
0.276399
0.227308
0.237687
0.318064
0.272709
0.253109
0.404782
0.338262
0.189252
0.262872
0.337202
0.258197
0.276385
0.361756
0.490635
0.297698
0.227985
0.305197
0.350084
0.375526
0.233338
0.311045
0.237575
0.367015
0.25805
0.219473
0.283344
0.421111
0.2462
0.266159
0.292002
0.275604
0.306476
0.295896
0.257193
0.389845
0.381209
0.3668
0.296662
0.264527
0.296951
0.288194
0.273369
0.343277
0.227177
0.285419
0.338803
0.257461
0.194312
0.315073
0.262064
0.329229
0.302166
0.264682
0.308927
0.350748
0.24614
0.290498
0.333208
0.312114
0.266615
0.303793
0.27633
0.328592
0.266441
0.215496
0.299767
0.316839
0.235128
0.276031
0.235508
0.327737
0.205523
0.256277
0.31452
0.369304
0.231013
0.311402
0.367014
0.296043
0.222444
0.222607
0.321551
0.294683
0.200231
0.242401
0.283729
0.293912
0.219163
0.205174
0.257771
0.327749
0.204698
0.268388
0.257058
0.309027
0.245169
0.281877
0.257318
0.34113
0.223892
0.300637
0.321486
0.388232
0.214484
0.2086
0.256622
0.305826
0.252134
0.254029
0.256244
0.271165
0.239507
0.214451
0.214248
0.24013
0.213122
0.280678
0.275276
0.275117
0.207694
0.314814
0.280348
0.216009
0.21644
0.251278
0.239978
0.201664
0.256983
0.263141
0.26675
0.315199
0.290186
0.314579
0.257464
0.295079
0.232372
0.286793
0.245181
0.349326
0.305847
0.242975
0.205324
0.218439
0.195976
0.201339
0.328725
0.292269
0.230984
0.220689
0.234621
0.283623
0.188328
0.232282
0.377867
0.386155
0.203145
0.357613
0.301547
0.254148
0.19669
0.209324
0.277248
0.319154
0.239713
0.211235
0.250802
0.307301
0.213843
0.25904
0.254003
0.266995
0.236757
0.225081
0.248105
0.292762
0.240573
0.207203
0.24213
0.262517
0.273517
0.226438
0.259781
0.259377
0.281728
0.21963
0.21758
0.241267
0.197764
0.179089
0.27812
0.298747
0.22489
0.265761
0.196316
0.270939
0.282788
0.315223
0.228132
0.29539
0.188078
0.214904
0.209815
0.354863
0.597078
0.235449
0.263868
0.383807
0.297424
0.295319
0.296892
0.298701
0.180786
0.151561
0.211872
0.342253
0.271107
0.288799
0.246459
0.171126
0.187937
0.197337
0.3805
0.251499
0.141721
0.190474
0.277362
0.265042
0.2025
0.246967
0.25856
0.314196
0.171708
0.305525
0.329555
0.296272
0.164368
0.204069
0.235616
0.337373
0.195437
0.23032
0.236814
0.23564
0.202784
0.191153
0.29547
0.278107
0.230777
0.201425
0.326945
0.374989
0.226468
0.203415
0.22772
0.274424
0.338306
0.209415
0.218617
0.253395
0.206029
0.195825
0.257312
0.273921
0.210451
0.238781
0.321962
0.283665
0.242343
0.208679
0.257983
0.289771
0.263464
0.236311
0.253758
0.259856
0.23591
0.238915
0.304295
0.262986
0.18021
0.20711
0.182355
0.222934
0.268258
0.16027
0.183714
0.228622
0.172548
0.185873
0.263467
0.335342
0.252168
0.185179
0.229905
0.272343
0.206423
0.179631
0.228478
0.242164
0.234888
0.18822
0.224343
0.282457
0.230397
0.201323
0.205025
0.288773
0.180756
0.25111
0.243905
0.267635
0.363543
0.293758
0.286732
0.297181
0.154039
0.190997
0.243786
0.205873
0.207997
0.189626
0.281922
0.300194
0.178401
0.203034
0.238184
0.227581
0.150542
0.184251
0.28402
0.331226
0.179583
0.204723
0.303993
0.351219
0.210882
0.194633
0.23589
0.256366
0.19076
0.211673
0.222713
0.28629
0.291152
0.22558
0.266338
0.278391
0.169499
0.225541
0.270552
0.29433
0.193697
0.199673
0.24577
0.249974
0.237956
0.18789
0.258469
0.258285
0.299633
0.27708
0.29088
0.218694
0.198999
0.188229
0.243144
0.277016
0.19571
0.242428
0.238307
0.26882
0.204887
0.200327
0.261115
0.259641
0.281429
0.171324
0.291569
0.238626
0.189279
0.167747
0.240553
0.333484
0.220366
0.192323
0.269768
0.247215
0.17679
0.153224
0.29979
0.252446
0.156878
0.204844
0.225069
0.22801
0.199372
0.284059
0.342147
0.140449
0.154367
0.169902
0.263584
0.232952
0.238999
0.190299
0.236989
0.228588
0.211879
0.210329
0.255998
0.198584
0.229612
0.186024
0.332363
0.213934
0.194032
0.183412
0.33159
0.207498
0.206295
0.187259
0.274059
0.209194
0.215706
0.197434
0.293758
0.256564
0.201562
0.156681
0.293921
0.272151
0.156685
0.179763
0.230688
0.230733
0.252924
0.215196
0.235672
0.239856
0.205954
0.171777
0.240807
0.208947
0.232086
0.196383
0.267691
0.26396
0.157381
0.161262
0.25361
0.20467
0.199446
0.117485
0.233949
0.192363
0.184329
0.18204
0.285156
0.185204
0.173324
0.200336
0.339355
0.26344
0.186974
0.142503
0.238994
0.180385
0.1526
0.172498
0.29396
0.18534
0.177441
0.163248
0.252943
0.288454
0.217451
0.191005
0.234613
0.208327
0.252095
0.214051
0.250791
0.247435
0.191929
0.194391
0.234721
0.285065
0.295621
0.189151
0.242634
0.190363
0.156316
0.159701
0.286425
0.177609
0.202297
0.188828
0.3569
0.237471
0.204147
0.180241
0.296923
0.260166
0.162235
0.201075
0.295967
0.234677
0.147721
0.16946
0.268977
0.249365
0.197163
0.199596
0.228779
0.187149
0.151921
0.16391
0.28664
0.27242
0.167375
0.197103
0.263708
0.185601
0.195699
0.183632
0.394591
0.227461
0.139119
0.172864
0.243357
0.200058
0.186266
0.213654
0.260385
0.221723
0.16727
0.168689
0.235402
0.249205
0.195762
0.199142
0.253696
0.15933
0.166592
0.162074
0.241657
0.277226
0.219599
0.208703
0.275105
0.204182
0.194033
0.209676
0.277726
0.217158
0.205855
0.253428
0.326932
0.16652
0.144585
0.19566
0.294329
0.164073
0.254487
0.274243
0.364843
0.21507
0.177741
0.209003
0.259204
0.176208
0.190929
0.168928
0.28776
0.265315
0.198843
0.18584
0.238674
0.138371
0.16734
0.170626
0.26602
0.21325
0.172623
0.200304
0.289734
0.15311
0.25261
0.24176
0.272449
0.171844
0.157961
0.19799
0.295914
0.189647
0.116861
0.210701
0.297386
0.227868
0.137209
0.19496
0.263108
0.177663
0.130502
0.151053
0.322584
0.171005
0.16206
0.196234
0.289092
0.206653
0.18061
0.16733
0.242713
0.151777
0.177592
0.202442
0.232852
0.18311
0.1472
0.174392
0.257628
0.191858
0.1466
0.234945
0.262909
0.189741
0.160052
0.212782
0.261766
0.196534
0.178374
0.145228
0.300478
0.153672
0.156255
0.169304
0.264519
0.153903
0.177636
0.190127
0.380226
0.141072
0.164737
0.169939
0.246114
0.233873
0.15034
0.181855
0.286084
0.156475
0.161641
0.21784
0.208562
0.245315
0.139147
0.177635
0.221999
0.212442
0.136473
0.202668
0.284509
0.237568
0.154105
0.190977
0.242123
0.190317
0.156078
0.185378
0.250631
0.184424
0.145279
0.219533
0.324536
0.163356
0.186203
0.156274
0.302569
0.228212
0.182885
0.188172
0.28676
0.20487
0.186584
0.2038
0.247425
0.19635
0.141888
0.148287
0.248481
0.24175
0.221108
0.234907
0.222398
0.209443
0.161091
0.140946
0.224044
0.182441
0.181874
0.136674
0.203463
0.162526
0.16447
0.184051
0.255415
0.169857
0.18604
0.175877
0.303109
0.234375
0.163736
0.189547
0.245374
0.160856
0.187059
0.204257
0.253676
0.165681
0.15584
0.132615
0.255528
0.197807
0.161741
0.167548
0.21568
0.18513
0.148459
0.176288
0.27223
0.196538
0.163908
0.174967
0.235381
0.227728
0.175958
0.160981
0.259215
0.171099
0.167799
0.188654
0.290845
0.262586
0.201446
0.196303
0.183519
0.160325
0.165742
0.159185
0.206876
0.229489
0.171841
0.194667
0.265314
0.25617
0.181804
0.155853
0.240811
0.174499
0.189468
0.133836
0.190835
0.129739
0.145768
0.148009
0.259756
0.192514
0.214417
0.152623
0.283888
0.206706
0.161014
0.173694
0.265252
0.170867
0.203363
0.20863
0.282018
0.195554
0.165835
0.149157
0.279697
0.206778
0.166122
0.200258
0.252839
0.181822
0.18256
0.162331
0.229643
0.174109
0.150278
0.145952
0.204821
0.182764
0.115519
0.140088
0.273899
0.219977
0.171429
0.184375
0.231863
0.175522
0.205476
0.126498
0.273308
0.231945
0.143779
0.121621
0.236056
0.19116
0.129137
0.155094
0.252386
0.200501
0.119551
0.174735
0.223412
0.170254
0.17973
0.140297
0.200571
0.186565
0.141358
0.196367
0.221434
0.18327
0.1748
0.167754
0.248804
0.178439
0.160057
0.166554
0.233562
0.207658
0.13424
0.150739
0.236035
0.184203
0.161908
0.125633
0.227362
0.182809
0.140401
0.152346
0.234292
0.175511
0.164477
0.14254
0.262915
0.199967
0.173698
0.188367
0.245042
0.249981
0.144267
0.16073
0.275107
0.184817
0.153256
0.129943
0.198338
0.162272
0.146378
0.158315
0.215897
0.193004
0.168203
0.157537
0.283395
0.165788
0.173827
0.0958353
0.249553
0.185475
0.185643
0.115351
0.298235
0.20573
0.146915
0.14815
0.208915
0.218182
0.141558
0.136654
0.241576
0.229306
0.188382
0.161486
0.202666
0.244316
0.229914
0.144006
0.213347
0.197284
0.235796
0.157025
0.233168
0.187185
0.177153
0.159618
0.204412
0.170184
0.213136
0.160697
0.250416
0.230553
0.138008
0.127515
0.313035
0.238794
0.177178
0.174851
0.196874
0.214638
0.181816
0.122757
0.221792
0.209537
0.166474
0.195287
0.217282
0.206676
0.176136
0.152734
0.285553
0.142732
0.132211
0.161029
0.234528
0.193018
0.170914
0.158449
0.229119
0.218251
0.187191
0.117483
0.216034
0.227737
0.177286
0.128289
0.218662
0.203028
0.174511
0.146096
0.203362
0.197009
0.163588
0.132888
0.224147
0.171013
0.184352
0.149176
0.191109
0.278906
0.168353
0.169954
0.19849
0.229171
0.156599
0.16971
0.202095
0.210299
0.193289
0.154563
0.200928
0.205901
0.179372
0.138856
0.211235
0.2357
0.174189
0.180563
0.215349
0.229119
0.139339
0.15017
0.259494
0.227101
0.182696
0.162861
0.203677
0.212491
0.175381
0.192629
0.214828
0.206179
0.178862
0.146389
0.238562
0.17156
0.185825
0.175745
0.219953
0.210007
0.181194
0.128608
0.221169
0.203367
0.159214
0.192987
0.238888
0.174525
0.180512
0.179117
0.213207
0.227276
0.163849
0.144411
0.204174
0.16424
0.256939
0.138163
0.264049
0.221261
0.170983
0.149214
0.227619
0.202956
0.164326
0.11363
0.218735
0.184618
0.146246
0.164275
0.160284
0.227894
0.158274
0.14736
0.250539
0.196068
0.183128
0.200856
0.220323
0.234265
0.151017
0.150857
0.206431
0.218252
0.201108
0.137331
0.220397
0.230834
0.158065
0.136245
0.21216
0.205202
0.156227
0.136376
0.204664
0.299992
0.159972
0.163877
0.210599
0.218199
0.145785
0.131254
0.255095
0.207424
0.174832
0.120133
0.229551
0.181763
0.146468
0.167896
0.276434
0.185754
0.185412
0.163975
0.237103
0.154253
0.166364
0.12458
0.261669
0.179725
0.210691
0.166771
0.296244
0.307377
0.166375
0.152548
0.183187
0.183478
0.169478
0.173291
0.184537
0.205779
0.184689
0.175823
0.224948
0.221359
0.24698
0.126982
0.213057
0.270934
0.172688
0.217971
0.202682
0.191702
0.167461
0.150474
0.188564
0.256068
0.171278
0.138054
0.298426
0.291216
0.186324
0.14657
0.237605
0.234032
0.170869
0.148853
0.204977
0.190291
0.195024
0.1217
0.243617
0.195992
0.218775
0.156768
0.222966
0.199817
0.230588
0.191816
0.205993
0.226917
0.177056
0.169003
0.207435
0.172368
0.206595
0.150126
0.204742
0.175742
0.176821
0.14043
0.187768
0.211752
0.166416
0.167447
0.233838
0.188073
0.176713
0.176377
0.200908
0.192793
0.189029
0.124119
0.173713
0.204077
0.197186
0.13483
0.17186
0.144318
0.170103
0.169027
0.215034
0.237891
0.232322
0.157329
0.205197
0.222774
0.224055
0.140575
0.210415
0.1426
0.185143
0.132266
0.233004
0.170745
0.144418
0.187056
0.177536
0.201907
0.138907
0.139158
0.185338
0.162053
0.167513
0.147565
0.195682
0.23895
0.219806
0.116301
0.20546
0.153985
0.14878
0.142058
0.228335
0.185523
0.137698
0.152748
0.241575
0.165761
0.175788
0.14193
0.258969
0.150826
0.17679
0.128645
0.223583
0.143086
0.218157
0.144451
0.277926
0.175672
0.221381
0.163955
0.191786
0.169863
0.195263
0.12976
0.186793
0.199658
0.139312
0.139998
0.213888
0.158135
0.132105
0.144508
0.195219
0.234499
0.183416
0.153475
0.216818
0.137265
0.149413
0.136803
0.201224
0.24895
0.134352
0.149248
0.223882
0.140368
0.199554
0.149486
0.231486
0.182451
0.198846
0.140982
0.203409
0.216247
0.155944
0.25275
0.196703
0.173783
0.149867
0.130294
0.200503
0.215086
0.143966
0.180772
0.19532
0.165404
0.164408
0.147836
0.227651
0.204101
0.179201
0.154178
0.251968
0.145655
0.13037
0.147221
0.224346
0.278523
0.161628
0.211849
0.209783
0.163825
0.130825
0.169456
0.234533
0.225951
0.149777
0.133804
0.219769
0.168514
0.142434
0.144901
0.228506
0.165348
0.160777
0.12977
0.226383
0.110046
0.196031
0.137398
0.196643
0.132523
0.171041
0.123417
0.239025
0.187682
0.165281
0.171296
0.351678
0.1716
0.22072
0.119575
0.197489
0.140676
0.17587
0.147239
0.2159
0.110418
0.159687
0.145359
0.217545
0.142261
0.149922
0.155636
0.255909
0.14582
0.129516
0.116954
0.177975
0.135721
0.145953
0.183655
0.217208
0.216484
0.162122
0.146257
0.2095
0.133051
0.162843
0.13237
0.236623
0.174542
0.198414
0.134845
0.204521
0.166039
0.153861
0.110539
0.192463
0.173025
0.139776
0.153695
0.211401
0.152652
0.102812
0.132351
0.240739
0.175725
0.213502
0.123718
0.242949
0.173342
0.161969
0.13868
0.210616
0.139013
0.143227
0.117173
0.257638
0.253288
0.137528
0.138506
0.216743
0.174946
0.158584
0.102655
0.222081
0.109344
0.175531
0.136226
0.216317
0.156059
0.158918
0.129353
0.193253
0.111369
0.123005
0.165343
0.204429
0.157593
0.167054
0.147432
0.221124
0.151428
0.139058
0.121881
0.208971
0.192906
0.240986
0.187073
0.271113
0.164052
0.224827
0.168044
0.193465
0.165042
0.14462
0.1286
0.200084
0.133761
0.131842
0.135551
0.178603
0.158444
0.17145
0.104996
0.199509
0.167368
0.178172
0.141184
0.200126
0.150347
0.14237
0.100868
0.206384
0.157672
0.14527
0.14497
0.222619
0.164691
0.145323
0.136614
0.231944
0.0957605
0.125622
0.126289
0.189741
0.186312
0.157059
0.150099
0.228639
0.148218
0.137228
0.108503
0.199554
0.141465
0.209521
0.129027
0.199892
0.13093
0.103612
0.118209
0.174812
0.150426
0.164569
0.0975056
0.180305
0.176749
0.102861
0.120256
0.231977
0.132972
0.248425
0.154944
0.205256
0.10963
0.141491
0.174994
0.255901
0.152253
0.167055
0.102708
0.220619
0.177424
0.119903
0.137298
0.265335
0.165712
0.166231
0.187879
0.22709
0.122357
0.145175
0.120185
0.24548
0.166169
0.148859
0.101173
0.20766
0.142753
0.183233
0.160526
0.227316
0.1515
0.168239
0.093335
0.19628
0.133012
0.162755
0.105067
0.268747
0.188054
0.17644
0.110497
0.206876
0.150456
0.132063
0.166595
0.261329
0.155179
0.124401
0.145281
0.167745
0.151662
0.131481
0.109452
0.295089
0.145439
0.129417
0.104837
0.203418
0.132943
0.173904
0.111864
0.16755
0.213433
0.173048
0.136678
0.247099
0.192904
0.145173
0.127527
0.214134
0.173947
0.136678
0.132295
0.223198
0.125563
0.187838
0.14124
0.200698
0.172379
0.142317
0.130905
0.236736
0.149766
0.131706
0.104704
0.206806
0.148901
0.261894
0.10364
0.227969
0.149565
0.147091
0.123228
0.202448
0.188357
0.140548
0.0922756
0.213441
0.14402
0.134815
0.148282
0.196409
0.212862
0.149172
0.102834
0.24645
0.127058
0.154143
0.11551
0.216655
0.106054
0.144877
0.082874
0.192859
0.151794
0.135789
0.127537
0.185662
0.113287
0.134195
0.129224
0.194825
0.159064
0.107502
0.134392
0.191923
0.178577
0.138987
0.123421
0.176477
0.103506
0.146705
0.132869
0.193199
0.106528
0.130969
0.115443
0.196008
0.149194
0.134897
0.143804
0.191037
0.173319
0.137345
0.10919
0.214243
0.102183
0.114715
0.102544
0.228313
0.187327
0.148411
0.147611
0.195617
0.14184
0.188664
0.161919
0.23531
0.173382
0.104667
0.11151
0.22815
0.120408
0.102228
0.122208
0.198933
0.123742
0.13032
0.11786
0.179287
0.144585
0.101695
0.140111
0.216125
0.107609
0.120699
0.141748
0.197053
0.115572
0.131071
0.16536
0.198081
0.207715
0.182763
0.163618
0.20623
0.182854
0.123139
0.112042
0.178762
0.147133
0.125222
0.119149
0.1757
0.100896
0.126182
0.129961
0.196918
0.221596
0.0950675
0.119336
0.234026
0.143042
0.143307
0.114576
0.1555
0.107743
0.175462
0.122489
0.21644
0.127337
0.156438
0.14492
0.21737
0.128616
0.114475
0.118898
0.23546
0.118792
0.151624
0.138637
0.199503
0.103058
0.124921
0.120588
0.235522
0.145053
0.144883
0.115489
0.184237
0.0956457
0.115646
0.121118
0.179178
0.163069
0.155631
0.150346
0.221398
0.106665
0.131871
0.1216
0.191493
0.23901
0.148898
0.15713
0.26579
0.137787
0.133446
0.147977
0.180114
0.119696
0.112389
0.143256
0.21216
0.123765
0.119859
0.108886
0.199044
0.139637
0.182012
0.163372
0.190247
0.0849117
0.144568
0.147047
0.170843
0.112043
0.136182
0.114916
0.189863
0.135205
0.163026
0.160016
0.210547
0.132521
0.1116
0.11531
0.207097
0.159513
0.135747
0.184114
0.235996
0.179134
0.135704
0.0805936
0.177285
0.0993651
0.127818
0.112398
0.195884
0.116559
0.138047
0.108633
0.219618
0.11166
0.125382
0.112791
0.199708
0.0882268
0.123318
0.107126
0.22946
0.132415
0.146735
0.0980933
0.218057
0.0967833
0.112003
0.121028
0.188837
0.102099
0.146721
0.130185
0.19291
0.144628
0.0976881
0.119502
0.206656
0.159934
0.130432
0.109826
0.180371
0.150262
0.0984544
0.100856
0.235537
0.119955
0.11643
0.135834
0.251256
0.0820876
0.168289
0.105767
0.210462
0.100837
0.100046
0.145274
0.178698
0.102876
0.186279
0.0962045
0.216136
0.11921
0.128523
0.131727
0.229808
0.114136
0.0984931
0.141472
0.197697
0.135283
0.133199
0.129266
0.193808
0.127811
0.136499
0.100883
0.177531
0.141955
0.11233
0.116579
0.192439
0.096669
0.113302
0.131762
0.199627
0.141804
0.114263
0.104323
0.2074
0.127146
0.144732
0.101163
0.188432
0.118078
0.197388
0.113046
0.197212
0.136783
0.117837
0.115282
0.220336
0.168735
0.0996204
0.123249
0.222233
0.156895
0.115474
0.113919
0.192647
0.0918731
0.104175
0.122793
0.191256
0.127822
0.124309
0.129699
0.205316
0.131981
0.169694
0.124385
0.190507
0.099501
0.113147
0.103625
0.274782
0.195238
0.148252
0.138361
0.173946
0.0937852
0.111709
0.133192
0.270527
0.132888
0.107626
0.136755
0.181994
0.10211
0.115854
0.0936588
0.158084
0.161637
0.119448
0.13918
0.181168
0.110984
0.160588
0.077898
0.214148
0.144848
0.0979933
0.11306
0.265991
0.145644
0.145971
0.103763
0.195363
0.143814
0.143195
0.116498
0.221143
0.0994295
0.129074
0.0997386
0.218541
0.116353
0.139746
0.136017
0.22476
0.120287
0.101174
0.118489
0.189416
0.0970177
0.152335
0.0995093
0.186495
0.143194
0.104314
0.0994749
0.266005
0.139609
0.118198
0.124649
0.231628
0.115059
0.0900881
0.0997028
0.230961
0.10574
0.151082
0.104254
0.186049
0.110484
0.144595
0.0982376
0.202379
0.124421
0.119459
0.118463
0.185725
0.126315
0.103224
0.102832
0.186355
0.11126
0.128745
0.135666
0.205866
0.123579
0.215825
0.11197
0.187499
0.181488
0.115116
0.107157
0.232222
0.110418
0.110397
0.143492
0.183
0.0887103
0.121143
0.0995933
0.228751
0.112247
0.136883
0.132655
0.263172
0.136135
0.112596
0.119351
0.202762
0.123886
0.16066
0.0854133
0.227044
0.136463
0.149539
0.107868
0.20578
0.158143
0.102834
0.131187
0.179292
0.113415
0.212536
0.103587
0.178135
0.118474
0.127831
0.103116
0.148715
0.105989
0.111599
0.104271
0.179062
0.118815
0.123263
0.153694
0.18688
0.0992535
0.138714
0.10408
0.208634
0.119024
0.131442
0.129776
0.204685
0.159197
0.0949313
0.114343
0.249527
0.10446
0.146534
0.106137
0.177982
0.132613
0.135608
0.146105
0.193371
0.127882
0.0952507
0.112402
0.202856
0.0954446
0.114113
0.109031
0.20733
0.108205
0.18451
0.0837136
0.230888
0.133029
0.103257
0.0888307
0.173699
0.147106
0.0993563
0.120794
0.229399
0.073357
0.135013
0.149114
0.172638
0.127666
0.103631
0.106503
0.191288
0.128183
0.115707
0.103628
0.17835
0.147303
0.230381
0.117301
0.188189
0.124082
0.147901
0.104136
0.186688
0.151309
0.134374
0.120549
0.184738
0.138871
0.119476
0.135361
0.196174
0.114324
0.106628
0.09101
0.21895
0.171367
0.169688
0.101057
0.200414
0.105113
0.110814
0.0953487
0.192947
0.186774
0.117649
0.0865917
0.180105
0.15351
0.129993
0.112668
0.211255
0.130044
0.107006
0.0992887
0.176143
0.0931591
0.129209
0.126189
0.1985
0.145633
0.129511
0.0915663
0.164155
0.092463
0.139464
0.0958508
0.17541
0.138337
0.149679
0.115961
0.219721
0.112881
0.118831
0.160122
0.173547
0.15053
0.12242
0.132489
0.156171
0.117658
0.101531
0.0963843
0.173015
0.116413
0.11063
0.105256
0.210364
0.100717
0.10473
0.0959865
0.195147
0.104297
0.126477
0.12924
0.226587
0.175466
0.146297
0.0950049
0.169254
0.0933549
0.10233
0.115934
0.208287
0.105955
0.124763
0.12509
0.190216
0.116291
0.113248
0.113206
0.184764
0.178907
0.111933
0.103642
0.231637
0.125722
0.119709
0.0913392
0.180863
0.103586
0.223246
0.0890283
0.181855
0.156337
0.139282
0.103892
0.177212
0.135669
0.123612
0.126426
0.214659
0.130649
0.0912222
0.136579
0.26747
0.10628
0.113229
0.0844161
0.210462
0.138613
0.112105
0.132574
0.172194
0.120471
0.135916
0.098237
0.188104
0.132963
0.176809
0.0807866
0.169207
0.171638
0.101046
0.122718
0.211694
0.0922155
0.12628
0.0881195
0.215812
0.136899
0.162342
0.16903
0.142122
0.109726
0.136729
0.104186
0.227435
0.106455
0.119887
0.122753
0.168338
0.0944906
0.135963
0.135329
0.18195
0.128007
0.136573
0.112267
0.223149
0.149599
0.139113
0.0838353
0.16284
0.146363
0.123462
0.114023
0.187803
0.0943515
0.144529
0.129777
0.173266
0.102641
0.130073
0.107607
0.180076
0.155214
0.183454
0.12631
0.194912
0.155022
0.235215
0.110149
0.213191
0.133183
0.104813
0.126715
0.16984
0.124329
0.108861
0.0837026
0.168807
0.137488
0.123695
0.079304
0.188652
0.112521
0.104713
0.105851
0.170779
0.128304
0.0892295
0.137906
0.178605
0.133181
0.114103
0.0899288
0.183587
0.21933
0.112098
0.134244
0.155678
0.110008
0.23184
0.0981173
0.178798
0.0965524
0.127969
0.097755
0.175812
0.172087
0.163242
0.111271
0.191646
0.109002
0.13441
0.122005
0.136808
0.103168
0.156043
0.122233
0.188038
0.105472
0.119089
0.122955
0.200389
0.118841
0.125485
0.12621
0.175112
0.106818
0.122475
0.144247
0.201981
0.147287
0.115407
0.0965619
0.166237
0.113248
0.114888
0.124513
0.170909
0.0917044
0.124052
0.0947882
0.166021
0.0847951
0.136276
0.111947
0.180824
0.133864
0.11352
0.116174
0.152356
0.0998824
0.10223
0.0937504
0.23007
0.13185
0.152526
0.116564
0.150724
0.115487
0.137824
0.125605
0.180675
0.133009
0.260253
0.0911514
0.17696
0.190414
0.124378
0.110835
0.193259
0.142114
0.141085
0.104395
0.190823
0.131307
0.104539
0.165098
0.165659
0.119303
0.141434
0.0926565
0.182327
0.102699
0.108967
0.112902
0.17305
0.131914
0.113077
0.142696
0.190846
0.106531
0.14367
0.0957282
0.207514
0.182636
0.0911174
0.0998189
0.180768
0.113949
0.167431
0.167068
0.195488
0.138238
0.114749
0.120943
0.174656
0.122637
0.149821
0.127577
0.182181
0.127957
0.126014
0.0916041
0.157622
0.107859
0.148972
0.0912329
0.171798
0.106987
0.103977
0.0916292
0.17216
0.126982
0.157248
0.124134
0.194108
0.107073
0.125311
0.0939353
0.178362
0.159993
0.145935
0.109516
0.171002
0.1123
0.120976
0.112213
0.18653
0.110688
0.113497
0.111332
0.16329
0.173699
0.173065
0.129374
0.180058
0.100979
0.100047
0.0940374
0.18234
0.080857
0.125451
0.119395
0.147582
0.136423
0.107599
0.0920282
0.183976
0.104553
0.166365
0.0972502
0.187757
0.110534
0.0950767
0.0916061
0.183044
0.132069
0.10671
0.120208
0.169234
0.13671
0.119523
0.103883
0.180313
0.11551
0.134962
0.144889
0.192535
0.111885
0.109679
0.0935423
0.189729
0.116041
0.100498
0.0987636
0.188054
0.0934737
0.117114
0.10036
0.144882
0.104046
0.0898706
0.129494
0.15558
0.0914486
0.132378
0.137865
0.185598
0.134662
0.13025
0.085421
0.162395
0.0959059
0.110624
0.105623
0.173562
0.0872113
0.136367
0.101039
0.181787
0.0947982
0.0959396
0.0857541
0.170798
0.103312
0.122729
0.118995
0.194475
0.0956967
0.102797
0.11997
0.188176
0.0744151
0.122391
0.0937853
0.179641
0.128777
0.156
0.0814804
0.147639
0.116658
0.158998
0.114576
0.171637
0.100081
0.13143
0.0987175
0.184278
0.0863646
0.114608
0.135563
0.204401
0.119292
0.09338
0.12103
0.202372
0.152838
0.110338
0.1018
0.194917
0.122283
0.107489
0.146484
0.173478
0.0860826
0.101828
0.0844876
0.178802
0.106891
0.129113
0.102793
0.138473
0.101583
0.109536
0.0974868
0.192035
0.104373
0.130976
0.11411
0.188303
0.11965
0.115168
0.10763
0.173011
0.0998402
0.147748
0.0896045
0.140995
0.149741
0.131631
0.114875
0.161556
0.117189
0.102924
0.116335
0.157448
0.119947
0.113932
0.114621
0.174591
0.162238
0.124773
0.115301
0.195791
0.150243
0.102889
0.112877
0.185504
0.160327
0.131651
0.120657
0.208467
0.119836
0.137169
0.122094
0.180938
0.116021
0.158775
0.115969
0.152343
0.103012
0.104465
0.132395
0.188373
0.0959429
0.118377
0.103646
0.17403
0.118206
0.0943097
0.0793882
0.175078
0.0948482
0.142817
0.106362
0.16318
0.102436
0.12707
0.0987467
0.196437
0.101039
0.0811149
0.0968757
0.165392
0.0866694
0.140051
0.1381
0.186427
0.125011
0.117218
0.119418
0.204445
0.126834
0.160101
0.10291
0.179433
0.0873878
0.105067
0.117194
0.154397
0.10248
0.116656
0.0805601
0.188905
0.111495
0.106559
0.0853844
0.13626
0.11969
0.10674
0.110664
0.184785
0.0976152
0.0972046
0.0914997
0.207615
0.110365
0.107272
0.124897
0.190698
0.103809
0.0784803
0.106527
0.165232
0.0871683
0.153139
0.11544
0.159107
0.0917867
0.14453
0.118924
0.172571
0.0815157
0.106793
0.104538
0.180518
0.102066
0.103639
0.0920723
0.159474
0.115964
0.0860936
0.0869253
0.176141
0.105574
0.111722
0.0729327
0.14918
0.110507
0.144441
0.101546
0.153046
0.111345
0.114069
0.102
0.185506
0.118965
0.115751
0.12729
0.145757
0.100294
0.12112
0.126142
0.144187
0.183304
0.111795
0.101822
0.134212
0.126228
0.125511
0.116131
0.120928
0.105017
0.102269
0.162337
0.149699
0.10744
0.0996991
0.133106
0.167465
0.164331
0.17914
0.0887382
0.128794
0.139599
0.304098
0.13549
0.149403
0.121149
0.107735
0.139816
0.173872
0.139357
0.17409
0.140287
0.206603
0.0993421
0.0924153
0.120138
0.152891
0.0923717
0.131068
0.10955
0.1693
0.1398
0.135096
0.103628
0.186453
0.10234
0.128199
0.122936
0.180543
0.100086
0.107273
0.113586
0.155295
0.0620087
0.113238
0.144654
0.144359
0.0621163
0.102164
0.107627
0.14717
0.114143
0.0966991
0.145601
0.135434
0.0994703
0.0942675
0.0981196
0.154872
0.0779126
0.10355
0.111723
0.15983
0.0902601
0.101916
0.0970057
0.165841
0.106493
0.0986961
0.111669
0.184755
0.110646
0.113017
0.0943837
0.192475
0.127294
0.125046
0.101961
0.163689
0.133886
0.107394
0.101172
0.149044
0.0834529
0.0984068
0.0963902
0.161976
0.141623
0.095982
0.101193
0.16975
0.120018
0.107434
0.0946934
0.144109
0.0955493
0.0993527
0.141385
0.170936
0.0808047
0.133978
0.131339
0.156393
0.0705902
0.111558
0.101741
0.177886
0.13365
0.179994
0.147207
0.157806
0.0928758
0.131831
0.103306
0.164704
0.102151
0.103995
0.0913703
0.177629
0.139567
0.0961767
0.14727
0.160168
0.104316
0.168737
0.10381
0.161223
0.102293
0.139611
0.0908135
0.171525
0.106972
0.10156
0.0881601
0.127708
0.0863663
0.097366
0.113093
0.205195
0.119386
0.117927
0.0915097
0.195121
0.133639
0.100314
0.129586
0.144537
0.109
0.162559
0.0892511
0.191226
0.0611554
0.0936057
0.111117
0.162814
0.122206
0.110997
0.131718
0.210959
0.109901
0.119246
0.0950067
0.146991
0.0953202
0.081758
0.0928054
0.143869
0.0671448
0.106701
0.100918
0.197566
0.107718
0.108205
0.115238
0.158391
0.0914425
0.121023
0.104459
0.159331
0.103953
0.131408
0.114124
0.202567
0.120864
0.161951
0.124086
0.141524
0.0803175
0.100421
0.0767172
0.134762
0.120059
0.131259
0.0922698
0.152024
0.124985
0.113854
0.0969692
0.165762
0.125041
0.135814
0.101225
0.157478
0.11484
0.151545
0.127758
0.153124
0.111071
0.0946719
0.105017
0.144946
0.11247
0.109903
0.123708
0.147959
0.149678
0.0964508
0.141953
0.148003
0.137702
0.135667
0.100012
0.121818
0.110335
0.0969377
0.108888
0.151671
0.104431
0.11271
0.116418
0.143892
0.107172
0.112627
0.113426
0.169467
0.118493
0.101271
0.121371
0.147432
0.107368
0.107839
0.132566
0.155539
0.100044
0.148262
0.0948137
0.166194
0.0723525
0.114586
0.0967152
0.134899
0.0997578
0.100065
0.1106
0.147228
0.0850842
0.101461
0.113619
0.14848
0.108083
0.101172
0.102599
0.146199
0.0977956
0.0889355
0.115844
0.135532
0.10718
0.124776
0.104702
0.191218
0.150282
0.0961319
0.0932172
0.151547
0.142447
0.112041
0.154576
0.127455
0.0943228
0.150294
0.0985517
0.123226
0.0908703
0.0994184
0.10984
0.153663
0.116476
0.0841381
0.0831677
0.165396
0.0974173
0.101584
0.116205
0.145218
0.126381
0.107886
0.084675
0.174382
0.118045
0.095594
0.0890146
0.162274
0.157748
0.0953224
0.0670821
0.130642
0.0943697
0.109792
0.0787651
0.126106
0.118119
0.107486
0.0885602
0.161786
0.0981719
0.0776585
0.0999723
0.18592
0.174519
0.100047
0.12483
0.137478
0.114461
0.0902293
0.108058
0.176254
0.0994288
0.0871907
0.0839341
0.152717
0.0833282
0.111944
0.106937
0.166732
0.0958767
0.0969753
0.121439
0.149198
0.08565
0.117623
0.0853719
0.120142
0.12805
0.120644
0.0808001
0.135271
0.110205
0.132509
0.104863
0.178511
0.128487
0.155024
0.0889659
0.131195
0.130696
0.121904
0.0946728
0.14112
0.11123
0.084622
0.0982856
0.165325
0.0787331
0.133813
0.115237
0.156567
0.0975646
0.0925114
0.103638
0.184256
0.134846
0.0959093
0.0745611
0.175796
0.0831282
0.0884916
0.0707665
0.142607
0.0855513
0.118047
0.105254
0.136036
0.0975044
0.103716
0.117985
0.154828
0.0890597
0.0949097
0.101958
0.16087
0.144144
0.117569
0.101688
0.15905
0.0865088
0.0976318
0.121199
0.178347
0.0846714
0.106046
0.125957
0.162654
0.100271
0.0945489
0.110481
0.176767
0.0950592
0.130277
0.081978
0.186381
0.123738
0.120679
0.113238
0.1516
0.0780603
0.106098
0.113201
0.162617
0.122319
0.0823712
0.0999381
0.146626
0.11425
0.108711
0.110783
0.151894
0.0938656
0.101082
0.0918397
0.195705
0.0950801
0.0947111
0.105803
0.139871
0.141937
0.130374
0.100702
0.158518
0.0904581
0.0970542
0.0739285
0.139992
0.103368
0.0992764
0.0942383
0.127395
0.0757442
0.114347
0.107606
0.16777
0.0710904
0.1072
0.0842468
0.158472
0.0823024
0.0844858
0.0922139
0.161094
0.0863415
0.0945604
0.097487
0.130636
0.0986045
0.11579
0.0832475
0.182676
0.0942047
0.0847557
0.0890308
0.168722
0.138362
0.0895347
0.0923927
0.12246
0.0882459
0.0925932
0.119948
0.165714
0.0964694
0.130539
0.0876135
0.182549
0.210306
0.110815
0.104471
0.189054
0.0823824
0.135928
0.0887153
0.168206
0.120401
0.0990873
0.0905412
0.200731
0.0712635
0.0915023
0.104626
0.180743
0.0938369
0.109631
0.0845013
0.148372
0.122448
0.0871819
0.0915283
0.128545
0.127732
0.0956958
0.114314
0.150808
0.0907021
0.0993972
0.0958495
0.149373
0.0937789
0.117455
0.0700946
0.163228
0.0971344
0.101353
0.0863284
0.16328
0.10251
0.119882
0.116866
0.160686
0.11237
0.0795283
0.0725904
0.235992
0.0884432
0.13495
0.0999774
0.146887
0.075628
0.180404
0.0950113
0.138437
0.125493
0.121147
0.103637
0.168281
0.0826997
0.114901
0.0820886
0.152546
0.0994686
0.104113
0.0856739
0.144958
0.101354
0.105082
0.097234
0.183953
0.13438
0.112243
0.103891
0.169432
0.154705
0.11852
0.0962329
0.167098
0.0735062
0.0971414
0.0962643
0.145896
0.0734106
0.0973563
0.084937
0.130503
0.0836093
0.086858
0.0745721
0.140754
0.117064
0.0908315
0.0790727
0.148949
0.106738
0.11501
0.0906033
0.147285
0.0775286
0.150109
0.0882509
0.154912
0.0837549
0.0946868
0.0865542
0.14623
0.119442
0.0905264
0.093762
0.166291
0.0777092
0.101745
0.080416
0.183103
0.0840177
0.0916038
0.112262
0.166384
0.124573
0.112295
0.086837
0.132461
0.0900567
0.131005
0.0938038
0.162665
0.0792099
0.0951556
0.0978323
0.162801
0.107223
0.164914
0.0793007
0.136667
0.110017
0.129368
0.0914561
0.165495
0.097849
0.0834325
0.0922467
0.143857
0.100161
0.11761
0.0800311
0.13319
0.0847126
0.104445
0.0947526
0.161258
0.0901626
0.105822
0.0791986
0.198795
0.0783127
0.107664
0.0825032
0.158295
0.0827297
0.108835
0.131773
0.187247
0.0990653
0.101225
0.0978468
0.162067
0.127642
0.0936343
0.104027
0.14133
0.10567
0.108209
0.0665493
0.154438
0.0875474
0.100997
0.0936715
0.148065
0.0972158
0.0970031
0.136403
0.144257
0.161483
0.125547
0.101584
0.16066
0.0906707
0.169182
0.0897131
0.161906
0.0908295
0.13791
0.0727784
0.176587
0.0915168
0.111382
0.0798094
0.114581
0.132872
0.085571
0.117379
0.163641
0.113909
0.151347
0.0802166
0.19708
0.0944656
0.0959955
0.0946606
0.174061
0.103384
0.0982229
0.0880867
0.149165
0.102138
0.125263
0.121266
0.142284
0.0829034
0.0951906
0.102726
0.132354
0.141811
0.0893165
0.084138
0.138668
0.099021
0.117123
0.0934606
0.149237
0.092588
0.0891708
0.0871678
0.144801
0.104502
0.104485
0.0892647
0.14079
0.114492
0.100342
0.100004
0.156548
0.11129
0.107136
0.0961642
0.172489
0.0931059
0.0861533
0.0812653
0.160715
0.117283
0.07816
0.100694
0.135037
0.0997111
0.0784282
0.0789792
0.146446
0.0990655
0.097466
0.0718685
0.14517
0.0974611
0.0805884
0.0765716
0.144966
0.0998323
0.110592
0.0910091
0.162048
0.0746576
0.122085
0.0875854
0.127743
0.127322
0.135423
0.0984761
0.158945
0.144332
0.111538
0.0779131
0.137108
0.0962199
0.13099
0.0830106
0.133091
0.157727
0.08251
0.109217
0.161334
0.117685
0.0949579
0.077674
0.127484
0.108132
0.122807
0.102712
0.132275
0.0613069
0.191157
0.0761704
0.147499
0.084779
0.0794979
0.110071
0.152102
0.131749
0.117795
0.10059
0.136146
0.0932339
0.10129
0.0972016
0.139606
0.129419
0.0919442
0.0812203
0.145594
0.0825469
0.0957819
0.0799996
0.148587
0.103656
0.0991862
0.0705812
0.141406
0.0996931
0.10697
0.0782625
0.129437
0.112373
0.0973537
0.0952295
0.201566
0.0869739
0.0940293
0.0756791
0.162144
0.0788296
0.0990103
0.0747661
0.149922
0.149854
0.0874921
0.072585
0.163232
0.135721
0.0958362
0.101088
0.157856
0.0953954
0.12394
0.113188
0.147805
0.0857365
0.0996842
0.0949542
0.15832
0.0716828
0.082956
0.0854945
0.143946
0.0795344
0.0905401
0.128903
0.1673
0.0696372
0.0924128
0.10394
0.138191
0.0640622
0.10175
0.114592
0.159787
0.102103
0.101615
0.120098
0.143183
0.0993013
0.0863442
0.0852665
0.19193
0.0850231
0.0977756
0.126497
0.189449
0.0898296
0.0685901
0.0819156
0.134698
0.112987
0.0779361
0.103819
0.14727
0.0894017
0.098276
0.110223
0.15991
0.136857
0.0956324
0.0756375
0.163111
0.0666901
0.07736
0.0718087
0.174331
0.0892618
0.101475
0.0838955
0.148398
0.0829527
0.0980864
0.0786018
0.160923
0.0631801
0.0797939
0.0949653
0.131996
0.0929799
0.102329
0.112738
0.154727
0.120911
0.0966923
0.0773643
0.174565
0.0877299
0.0987794
0.115391
0.201959
0.0718686
0.0917779
0.119038
0.160218
0.107798
0.128498
0.0817236
0.132163
0.117495
0.100897
0.0986893
0.128003
0.0838375
0.101636
0.0954473
0.159708
0.0944406
0.0900316
0.0948102
0.241937
0.121127
0.116112
0.0954637
0.181113
0.0675111
0.0904432
0.0926144
0.179977
0.0948076
0.0843287
0.101156
0.154582
0.104816
0.10699
0.0871273
0.173817
0.0692797
0.101804
0.0833136
0.153905
0.0779795
0.0874397
0.0876793
0.135655
0.0745689
0.10589
0.105095
0.129835
0.112284
0.0860617
0.0792942
0.134505
0.0879342
0.10286
0.0953339
0.133194
0.0646971
0.100208
0.0879812
0.112031
0.109291
0.0995634
0.0960166
0.137393
0.0837622
0.121518
0.0991355
0.129684
0.0882935
0.0801168
0.0706121
0.197783
0.0881491
0.363507
0.109053
0.140582
0.0606424
0.100338
0.114078
0.145683
0.096799
0.114424
0.0676653
0.128625
0.0671228
0.129492
0.0709209
0.160945
0.117052
0.0805979
0.0965586
0.138269
0.103532
0.0798353
0.0873807
0.151319
0.0790016
0.097228
0.148062
0.176552
0.0680921
0.108755
0.0852
0.159854
0.0524349
0.0728916
0.117188
0.112428
0.0939403
0.110564
0.0824567
0.142645
0.0485207
0.103019
0.118636
0.158284
0.0697227
0.129015
0.0927694
0.187663
0.0754787
0.0850157
0.111961
0.158034
0.108017
0.0992091
0.10167
0.188148
0.124729
0.105964
0.0958498
0.153442
0.0575262
0.100986
0.0680663
0.146766
0.0687129
0.0946174
0.0808987
0.170882
0.109747
0.0915968
0.0852737
0.144456
0.115453
0.0917081
0.0951738
0.14266
0.0765804
0.11517
0.098456
0.127938
0.112812
0.0823735
0.0813565
0.132874
0.0775872
0.0873542
0.117241
0.172955
0.0738406
0.117397
0.0910817
0.15977
0.110493
0.101503
0.0828205
0.126624
0.062378
0.130309
0.0794536
0.155881
0.0470579
0.116732
0.102126
0.151105
0.0944713
0.0915708
0.115862
0.143368
0.114521
0.0884406
0.119712
0.179333
0.0824144
0.0984115
0.0907206
0.16349
0.089
0.0935225
0.0754737
0.147361
0.0830453
0.0896947
0.134723
0.188943
0.106333
0.083532
0.0811087
0.149891
0.131804
0.0904501
0.0766843
0.19283
0.138911
0.114721
0.0830323
0.137161
0.0666212
0.0911556
0.127783
0.149177
0.086484
0.0823123
0.0988289
0.167826
0.0965808
0.110493
0.0780226
0.167713
0.069999
0.0804334
0.0962885
0.115498
0.0697772
0.0916635
0.107044
0.13733
0.0636164
0.0940556
0.0826315
0.145783
0.113789
0.100029
0.107881
0.145999
0.0680064
0.0774319
0.0945959
0.149887
0.101431
0.129248
0.0784334
0.165564
0.128129
0.135128
0.0877416
0.146967
0.0963764
0.0992308
0.0794146
0.131437
0.0579192
0.0860956
0.103967
0.149851
0.0754169
0.0936679
0.081519
0.150621
0.09913
0.0950257
0.0764514
0.14157
0.0869175
0.103524
0.105911
0.162903
0.0685601
0.0981657
0.0868474
0.146286
0.0670422
0.116336
0.101569
0.200515
0.104893
0.11079
0.102178
0.107812
0.138548
0.0906831
0.0806159
0.141539
0.0764685
0.0829457
0.105475
0.166034
0.102645
0.0936375
0.110297
0.161939
0.0792004
0.11213
0.0877345
0.140659
0.0958705
0.0995378
0.106195
0.124311
0.0941785
0.0825651
0.0725292
0.134639
0.0677326
0.0970091
0.0860725
0.175838
0.0993938
0.078041
0.0937745
0.132551
0.0811288
0.114068
0.0967658
0.128165
0.107307
0.125812
0.0979363
0.14945
0.0492978
0.106831
0.0761241
0.157886
0.080288
0.085362
0.101474
0.155447
0.0900749
0.10799
0.0808686
0.190198
0.0825743
0.12773
0.0745264
0.136056
0.0574709
0.0998919
0.124439
0.180078
0.0961066
0.0948766
0.104877
0.159142
0.0646327
0.0941823
0.0987867
0.126007
0.107501
0.124115
0.0960717
0.143553
0.082107
0.0999506
0.0782358
0.166058
0.104686
0.112733
0.077999
0.129319
0.104993
0.0891336
0.0727642
0.177309
0.0686986
0.10948
0.105001
0.170128
0.0799059
0.103066
0.119732
0.154305
0.0755465
0.0881529
0.0814762
0.104258
0.0987835
0.0848686
0.111416
0.14703
0.0918326
0.0885472
0.0733761
0.14197
0.0653791
0.119764
0.100335
0.134498
0.0649234
0.0975314
0.077598
0.134188
0.0980222
0.0928379
0.0871155
0.173627
0.0624377
0.113168
0.0822113
0.119392
0.0944793
0.10194
0.0693651
0.134534
0.0707367
0.13721
0.0786523
0.172391
0.0569512
0.10068
0.0912137
0.144582
0.0759311
0.105365
0.0854448
0.14045
0.111837
0.082487
0.106159
0.166515
0.0964992
0.0981982
0.0884163
0.15974
0.0932196
0.0923403
0.07922
0.0992621
0.0903463
0.0820859
0.1144
0.132608
0.0815691
0.0953282
0.0937487
0.150359
0.106961
0.0972782
0.0706118
0.132674
0.0910714
0.0966362
0.0770588
0.126405
0.128102
0.108603
0.0850481
0.118181
0.0732137
0.172513
0.0687443
0.147497
0.073246
0.105507
0.0714153
0.115342
0.097958
0.0921992
0.0867339
0.133939
0.0922903
0.105505
0.0739067
0.212619
0.100975
0.110165
0.0683394
0.128597
0.106718
0.114178
0.0744664
0.107217
0.0825047
0.101123
0.110521
0.164596
0.103724
0.132584
0.0912869
0.116288
0.0884546
0.124554
0.0709831
0.144055
0.0798659
0.106798
0.0989379
0.154914
0.0915964
0.0902154
0.0897086
0.140785
0.0866635
0.126747
0.0969737
0.140735
0.0787323
0.0984463
0.094153
0.132863
0.0901509
0.0772538
0.0969131
0.138906
0.123685
0.0896991
0.0812272
0.14236
0.130752
0.149477
0.083731
0.142732
0.0645886
0.0975947
0.0851418
0.131691
0.0892174
0.0755562
0.128356
0.186707
0.0684481
0.0887466
0.0897282
0.149442
0.0795149
0.0961247
0.0894934
0.141581
0.0989506
0.0884886
0.0929506
0.148867
0.0720012
0.129387
0.0969488
0.153019
0.0983435
0.0764067
0.0807878
0.138864
0.08247
0.0921495
0.0709323
0.167016
0.103557
0.0955685
0.103851
0.120827
0.143045
0.0918772
0.0977076
0.146027
0.0783501
0.0936291
0.119847
0.132921
0.0706564
0.0848865
0.0840649
0.176537
0.0879997
0.11586
0.0902038
0.135393
0.0988009
0.162863
0.076819
0.132893
0.11648
0.11216
0.106238
0.142769
0.0736038
0.0924177
0.0951401
0.10593
0.0843584
0.092557
0.0826265
0.126972
0.0977922
0.0871796
0.126638
0.122128
0.0699947
0.106228
0.0820978
0.154241
0.118979
0.111315
0.0693419
0.141199
0.0616472
0.0928218
0.0670722
0.163809
0.0979389
0.103363
0.119084
0.109095
0.102242
0.112118
0.062192
0.128566
0.0939828
0.0924963
0.0712332
0.147517
0.0834348
0.0966907
0.0812114
0.198757
0.125312
0.106882
0.0764665
0.108135
0.0710396
0.105496
0.0757882
0.124727
0.0922327
0.0977613
0.0929665
0.114978
0.139939
0.0879934
0.09152
0.135494
0.0744765
0.110664
0.0930195
0.137029
0.108445
0.0912649
0.0949915
0.102858
0.0766104
0.108748
0.0886447
0.110546
0.0607589
0.0816672
0.0707165
0.115647
0.0838295
0.113475
0.0654231
0.135369
0.0782154
0.0836365
0.0879471
0.117258
0.106675
0.100502
0.0815989
0.142661
0.133876
0.0898872
0.118202
0.133804
0.0979947
0.110266
0.116306
0.0983558
0.0830576
0.12084
0.0952206
0.138334
0.0940801
0.114405
0.0860482
0.133861
0.0834287
0.0862789
0.0890785
0.126444
0.150652
0.0878508
0.0739689
0.121394
0.104699
0.0859552
0.0644703
0.145516
0.0895921
0.157633
0.0877763
0.114502
0.0977243
0.104731
0.0740702
0.124418
0.0820027
0.127407
0.0855625
0.129167
0.0555384
0.0851913
0.0964632
0.107419
0.0528053
0.0866277
0.0957297
0.119467
0.0636091
0.105521
0.0849083
0.131926
0.0834814
0.125211
0.101576
0.103881
0.101798
0.125583
0.107344
0.126399
0.0871084
0.119128
0.0801726
0.126155
0.0636084
0.104363
0.0669682
0.108335
0.100206
0.0921847
0.0939292
0.12388
0.08338
0.106226
0.0723121
0.134846
0.105818
0.0834397
0.0920934
0.0973431
0.0608061
0.0967085
0.0687798
0.0942786
0.106036
0.104245
0.0726848
0.126088
0.116001
0.151958
0.108346
0.116347
0.0875784
0.0984569
0.093215
0.156022
0.106955
0.0873724
0.103666
0.121395
0.109167
0.0907458
0.0816474
0.109735
0.0996515
0.113066
0.0802096
0.139539
0.0899369
0.0970573
0.0753362
0.0963703
0.0791399
0.136918
0.0683133
0.139274
0.0969761
0.149713
0.0794756
0.104562
0.0806744
0.105852
0.0746391
0.138351
0.0965628
0.116269
0.103779
0.0980146
0.034615
0.110426
0.0892307
0.128981
0.0945029
0.0934188
0.0994464
0.149901
0.0761619
0.089215
0.0759002
0.0975331
0.103161
0.0922564
0.0788397
0.133656
0.0789181
0.0852922
0.090065
0.107536
0.0650096
0.0973665
0.0846531
0.119781
0.078982
0.110915
0.0730427
0.121434
0.0810991
0.0860557
0.0817505
0.105632
0.0698631
0.107434
0.0943173
0.146844
0.116605
0.118865
0.118633
0.110916
0.0776534
0.135465
0.0787003
0.150642
0.104662
0.0976854
0.0742425
0.130195
0.0756677
0.089644
0.0945899
0.130806
0.0717653
0.11109
0.0831332
0.117089
0.104243
0.0859201
0.0861738
0.112379
0.0865317
0.093011
0.0755218
0.120018
0.080289
0.0991405
0.087546
0.113378
0.101997
0.0798304
0.120921
0.104462
0.101981
0.107708
0.0766698
0.135654
0.114034
0.0842283
0.102774
0.114712
0.0593753
0.095673
0.0858833
0.140758
0.0841212
0.0974895
0.0896996
0.109519
0.0769331
0.0918962
0.0968475
0.128563
0.118992
0.120772
0.0922911
0.117688
0.0958029
0.0848554
0.0674702
0.104342
0.112438
0.103901
0.0745047
0.149581
0.10047
0.102805
0.0748174
0.143534
0.054475
0.1179
0.0908356
0.141796
0.065008
0.0949879
0.088148
0.106783
0.0879662
0.0851103
0.0838667
0.117736
0.0598104
0.112661
0.068806
0.100918
0.0803656
0.0799782
0.0806567
0.116182
0.104927
0.105488
0.0846738
0.124917
0.0877149
0.105818
0.0670787
0.112982
0.0982511
0.171887
0.110329
0.129881
0.0658965
0.116709
0.116603
0.117989
0.0758801
0.108935
0.0884552
0.128843
0.0684243
0.100996
0.0762817
0.157506
0.102147
0.114974
0.116072
0.105279
0.0829164
0.0982409
0.106971
0.112581
0.0717259
0.10091
0.086888
0.109848
0.104884
0.143524
0.067226
0.14016
0.0669645
0.0890098
0.074237
0.113795
0.0733789
0.0834872
0.0756782
0.116685
0.0784318
0.104049
0.0777357
0.11415
0.073237
0.0838352
0.0672833
0.0972964
0.0914167
0.0975806
0.097524
0.100242
0.0693678
0.0925052
0.0821769
0.133176
0.0942178
0.0809963
0.100803
0.127361
0.105919
0.0853363
0.0725084
0.108217
0.0833632
0.107512
0.0954586
0.119747
0.0612956
0.0983025
0.102211
0.0894924
0.11586
0.126778
0.0904361
0.107829
0.125149
0.0918398
0.059944
0.102831
0.110339
0.128783
0.0793202
0.0999697
0.064544
0.114778
0.0789114
0.130708
0.0759506
0.083502
0.0888102
0.110775
0.0871615
0.130073
0.0939518
0.112406
0.0751163
0.0921191
0.109415
0.107025
0.0742266
0.121648
0.0717499
0.139785
0.0568171
0.0972293
0.0817841
0.116811
0.0928721
0.159223
0.0879395
0.125419
0.072002
0.110015
0.0631736
0.131708
0.0881839
0.116897
0.127202
0.114524
0.0815032
0.110779
0.0858484
0.143887
0.0774887
0.105175
0.090836
0.123164
0.0854996
0.0794507
0.0933313
0.117637
0.111165
0.0949979
0.0710996
0.116139
0.126593
0.179854
0.0954286
0.0936231
0.0958918
0.0917341
0.0538119
0.10967
0.0979574
0.0838737
0.0970728
0.126241
0.074108
0.0944893
0.0763726
0.115938
0.103536
0.0990496
0.0917372
0.127658
0.111756
0.118124
0.0651084
0.122404
0.0896349
0.106115
0.0811479
0.139187
0.112962
0.0812677
0.0810236
0.115766
0.100184
0.180643
0.079952
0.120603
0.0732735
0.117803
0.0863911
0.0984508
0.0819802
0.0986836
0.099344
0.118341
0.084143
0.0943112
0.0870583
0.116626
0.0939585
0.111345
0.076771
0.0988766
0.118564
0.108196
0.0758712
0.11365
0.113011
0.119863
0.0736449
0.11226
0.0969303
0.0873746
0.0833883
0.112192
0.0757367
0.0932729
0.0946527
0.135577
0.110622
0.0761942
0.0949928
0.0991787
0.109356
0.0902978
0.102038
0.110514
0.0426363
0.156322
0.0719045
0.106906
0.055458
0.0990705
0.0999049
0.113746
0.0890352
0.14218
0.103058
0.140161
0.135196
0.0940103
0.0828409
0.103629
0.0920341
0.116938
0.0857439
0.122705
0.0799479
0.0937361
0.0692582
0.100155
0.11282
0.083658
0.0872428
0.138338
0.100855
0.0689492
0.0769296
0.127388
0.0538769
0.093112
0.0682983
0.0883816
0.0582891
0.0930847
0.0826006
0.106278
0.0618864
0.0864556
0.0705652
0.123398
0.10397
0.0919903
0.093184
0.104116
0.0810076
0.0862902
0.0744161
0.108084
0.0964955
0.101199
0.0780342
0.119118
0.0648462
0.114399
0.0696272
0.103142
0.0653173
0.12794
0.0717939
0.119325
0.0726267
0.084439
0.0821146
0.112381
0.0704811
0.0950984
0.0724045
0.112496
0.0818627
0.0847389
0.109719
0.149266
0.0750455
0.107833
0.073858
0.110201
0.0668479
0.11423
0.0773367
0.125888
0.102803
0.110223
0.0953165
0.10799
0.0786028
0.121706
0.0906152
0.13364
0.103164
0.0975196
0.0891457
0.122128
0.0605408
0.125582
0.0618323
0.0998103
0.0710753
0.0803308
0.0710548
0.130921
0.0706184
0.113743
0.0631255
0.0944498
0.0552192
0.0828981
0.120511
0.120275
0.0719582
0.229276
0.0759451
0.109264
0.0614207
0.102801
0.0778088
0.111464
0.0819763
0.10241
0.0921966
0.129225
0.0607949
0.125179
0.0861182
0.155254
0.0919946
0.121677
0.0788254
0.0987822
0.079737
0.1175
0.0530036
0.14875
0.0886637
0.096192
0.0714111
0.107321
0.0637431
0.110432
0.0629974
0.115458
0.0965695
0.110984
0.0750903
0.127798
0.0877889
0.107782
0.0923464
0.126289
0.0557889
0.0950418
0.0786493
0.124882
0.0784049
0.120588
0.0775644
0.114846
0.0794317
0.100633
0.0674566
0.123276
0.105975
0.599566
0.0934055
0.175244
0.0708732
0.0812495
0.0960619
0.124977
0.0520652
0.0868029
0.0756901
0.130438
0.119123
0.0847886
0.0742364
0.160168
0.07629
0.0752736
0.0935373
0.132072
0.121839
0.0976572
0.117471
0.169453
0.0845194
0.106095
0.165461
0.154775
0.0816792
0.0895418
0.0807221
0.152958
0.063391
0.0966057
0.0765795
0.126083
0.0508805
0.0918336
0.0818646
0.126799
0.06088
0.0994725
0.0738285
0.120113
0.056148
0.0916855
0.114842
0.118111
0.072073
0.0760565
0.0972071
0.108613
0.0556447
0.101497
0.163928
0.138862
0.0711937
0.101575
0.108072
0.116782
0.0659907
0.0796932
0.0708279
0.149506
0.0700601
0.100333
0.0986455
0.154564
0.0594064
0.0805781
0.107094
0.14318
0.0679709
0.0700439
0.133317
0.128459
0.095448
0.0874171
0.0916544
0.123968
0.070931
0.0851228
0.092175
0.115869
0.0887961
0.0920581
0.0900604
0.119024
0.0862927
0.0701587
0.0963213
0.149215
0.106116
0.101022
0.0955709
0.158147
0.0908416
0.0894082
0.12976
0.123119
0.0790218
0.0747805
0.0958106
0.132588
0.116784
0.0865773
0.111265
0.140846
0.06915
0.108433
0.0850415
0.128499
0.0853092
0.0904247
0.102657
0.109184
0.0568889
0.0847082
0.0807521
0.13554
0.0860126
0.0891854
0.0756512
0.139977
0.0512346
0.0746896
0.112497
0.141966
0.0767842
0.0803795
0.0662886
0.130026
0.0821256
0.0840333
0.0710749
0.109305
0.0606964
0.077181
0.0997393
0.124319
0.0652229
0.0980428
0.075266
0.143698
0.0803808
0.0765109
0.0768839
0.147114
0.125663
0.0831984
0.0852715
0.101099
0.0679457
0.0707107
0.112944
0.102485
0.119124
0.09014
0.0890937
0.123817
0.061097
0.102355
0.0903755
0.109721
0.107204
0.0755563
0.0856017
0.128751
0.0783939
0.0801606
0.098858
0.143095
0.0866732
0.0739133
0.0939562
0.127687
0.0779655
0.0931122
0.115799
0.108201
0.101738
0.0995193
0.0825271
0.147107
0.0787016
0.078368
0.12605
0.110373
0.0684444
0.094176
0.087057
0.14106
0.0530508
0.0878811
0.0619613
0.0941929
0.0581164
0.120029
0.103006
0.145122
0.0606441
0.0833716
0.0948534
0.114069
0.0878649
0.0859131
0.140482
0.131605
0.0907635
0.0797525
0.0904286
0.105769
0.0569268
0.0877836
0.0799503
0.123461
0.0586568
0.0972944
0.0967462
0.135206
0.0722537
0.0988177
0.0761678
0.11394
0.086873
0.0776704
0.0941609
0.121734
0.0593701
0.0876854
0.0937226
0.0947672
0.102496
0.0972976
0.0571744
0.10978
0.0741556
0.0884407
0.0875762
0.117248
0.0550676
0.107612
0.0791539
0.124105
0.0731889
0.0907983
0.103841
0.120459
0.0655617
0.0916389
0.0818198
0.115868
0.06309
0.0919753
0.126198
0.115032
0.0564996
0.0763231
0.0861747
0.102845
0.0915344
0.0819947
0.0979117
0.125051
0.0645294
0.123413
0.112552
0.107955
0.0973899
0.0706649
0.0992755
0.123529
0.0698007
0.0773501
0.0602567
0.128023
0.0745148
0.0870793
0.0792638
0.132272
0.0596882
0.0756167
0.0692846
0.0929658
0.0819076
0.0829074
0.0925782
0.123455
0.0835943
0.12475
0.0796405
0.116508
0.0988532
0.114985
0.101803
0.111093
0.060521
0.108271
0.0795905
0.12944
0.0777096
0.123669
0.154108
0.128393
0.0824273
0.0926351
0.0762583
0.136094
0.0700054
0.0863784
0.0716755
0.134159
0.0637511
0.105296
0.0935853
0.112133
0.0777153
0.0950735
0.0864337
0.111313
0.0598449
0.0728231
0.0819915
0.102038
0.0824199
0.0712161
0.084434
0.1084
0.124864
0.0836571
0.0896986
0.128944
0.112759
0.123553
0.0646504
0.124729
0.130826
0.11009
0.0942595
0.0992135
0.0648073
0.0968531
0.0883647
0.106088
0.0803408
0.0963635
0.113149
0.105823
0.0893769
0.0763424
0.106891
0.114059
0.0712609
0.0869607
0.0638145
0.156923
0.0756854
0.0842643
0.0772482
0.0962721
0.0901603
0.0833879
0.0931964
0.10909
0.0770575
0.0716925
0.0748875
0.133447
0.0877335
0.0707692
0.0628645
0.152046
0.0617057
0.0742767
0.0822987
0.103642
0.0814318
0.100809
0.0814793
0.0989054
0.101343
0.0949894
0.0837085
0.118547
0.050336
0.0959874
0.0598296
0.134794
0.0739554
0.0830189
0.0894982
0.156738
0.0706925
0.0955615
0.0799685
0.0908359
0.0979245
0.160169
0.0823815
0.116145
0.0726131
0.0954265
0.0891334
0.102601
0.0735195
0.0927555
0.0792807
0.104363
0.0873795
0.082518
0.0848121
0.135384
0.0985104
0.0950657
0.0998768
0.114083
0.0849716
0.077224
0.0625659
0.100924
0.0852721
0.0876743
0.0744285
0.0995316
0.131677
0.0969826
0.084233
0.102536
0.0832872
0.089165
0.0930895
0.1177
0.0994642
0.102676
0.0764656
0.13792
0.104278
0.0905714
0.0756722
0.102823
0.10159
0.0813525
0.0787969
0.166412
0.086048
0.107602
0.121465
0.100734
0.133968
0.0845911
0.0830873
0.100729
0.0879988
0.105098
0.0693797
0.122436
0.0738573
0.0824215
0.10528
0.0837591
0.0663001
0.0843
0.116983
0.0873127
0.0597949
0.0828617
0.071299
0.125757
0.0638203
0.0698025
0.0842458
0.138731
0.100792
0.0794305
0.0972989
0.0953327
0.0667294
0.0831787
0.0811058
0.0993134
0.0662265
0.291452
0.0700038
0.1176
0.102557
0.119373
0.0742183
0.130194
0.0818464
0.0752943
0.0843043
0.0913328
0.0787761
0.103903
0.0737325
0.10738
0.0719435
0.0733497
0.0724331
0.100804
0.0688486
0.0842223
0.092105
0.142653
0.103093
0.0863987
0.0878637
0.0982418
0.0920661
0.0755365
0.0747285
0.115977
0.129498
0.0838292
0.085437
0.119474
0.0695943
0.108726
0.0924898
0.128291
0.0812157
0.083689
0.106615
0.137733
0.0739153
0.0782246
0.0769745
0.0983177
0.0652352
0.0885327
0.103401
0.120094
0.0756005
0.102895
0.0890722
0.127414
0.0760701
0.105481
0.0795673
0.102465
0.0948362
0.0793207
0.0808798
0.0913459
0.105871
0.0807957
0.0914615
0.126864
0.0904882
0.0948653
0.0960003
0.109552
0.0946761
0.0806214
0.0587664
0.120942
0.116051
0.070748
0.0822309
0.114125
0.085391
0.095371
0.0841372
0.0882825
0.0654038
0.0826162
0.115554
0.10446
0.0743546
0.0846945
0.0832346
0.101128
0.0533636
0.103361
0.120613
0.128915
0.0568157
0.11765
0.0652667
0.126159
0.0599543
0.067491
0.0700517
0.136707
0.0750148
0.0776013
0.098094
0.116748
0.112251
0.0795885
0.104347
0.10287
0.0867125
0.11079
0.0860507
0.118152
0.0780577
0.0665395
0.0548031
0.110445
0.0949732
0.0906189
0.0933582
0.11546
0.0788106
0.0899782
0.0780435
0.12657
0.0710074
0.074354
0.0792861
0.116787
0.0524818
0.0776878
0.0743616
0.106765
0.0763451
0.092244
0.0944636
0.110454
0.0791754
0.102002
0.0817844
0.123108
0.0614658
0.0881528
0.0950514
0.0858877
0.0583519
0.111675
0.0795835
0.119794
0.0638257
0.100365
0.0817427
0.150352
0.0942933
0.0850646
0.0648941
0.0921807
0.100712
0.0864538
0.149042
0.102133
0.0912203
0.111372
0.0988595
0.0938067
0.0909592
0.107612
0.0622517
0.121583
0.0631245
0.0769919
0.0659265
0.102697
0.072747
0.0857257
0.0806264
0.125697
0.0633017
0.08588
0.0670467
0.110815
0.0855818
0.07109
0.068011
0.0976071
0.105617
0.0972295
0.0795979
0.113078
0.0829733
0.0829737
0.0612021
0.135961
0.0728695
0.0690118
0.120307
0.118219
0.114365
0.091454
0.120595
0.0941065
0.0640902
0.0953588
0.0572421
0.135878
0.0695955
0.104837
0.0735279
0.107839
0.0812961
0.0969498
0.0683098
0.103699
0.123705
0.0884184
0.11752
0.12755
0.0593982
0.0729373
0.0991395
0.104546
0.0815657
0.0785631
0.0673056
0.097087
0.0832659
0.087396
0.0702756
0.0920517
0.0782237
0.0895236
0.078352
0.123701
0.0827805
0.0670729
0.0832611
0.113407
0.0654088
0.0813422
0.0769923
0.135169
0.0561745
0.0664305
0.091214
0.0964401
0.0640485
0.0795389
0.0903086
0.0990248
0.0691466
0.105262
0.0881947
0.120237
0.074948
0.124678
0.0914576
0.123946
0.0912263
0.108514
0.0683669
0.0918191
0.0804893
0.0760657
0.0944599
0.0889328
0.060464
0.0972142
0.0912398
0.117348
0.0795806
0.0683206
0.0922665
0.108553
0.0624425
0.0949185
0.0778603
0.112998
0.106097
0.0800475
0.104379
0.103452
0.081046
0.0729553
0.0637488
0.101863
0.0701833
0.0792306
0.0848285
0.0989052
0.0676754
0.0684101
0.0835022
0.114824
0.0803928
0.102596
0.0835896
0.114465
0.0548949
0.123037
0.082755
0.114286
0.076529
0.0778867
0.116115
0.100423
0.0793314
0.0753924
0.075717
0.13423
0.0629983
0.078054
0.0674118
0.129824
0.103167
0.0687409
0.0872259
0.121669
0.0650491
0.107956
0.0657678
0.110249
0.0550293
0.108208
0.0720822
0.112258
0.0642293
0.0983494
0.108414
0.123067
0.0643659
0.0979214
0.0727058
0.120027
0.0955653
0.129703
0.0944126
0.118437
0.074787
0.0864858
0.0653855
0.100632
0.0642453
0.0917656
0.0860877
0.0965602
0.131136
0.0804812
0.0711344
0.116189
0.0597396
0.0890767
0.0685214
0.102593
0.090701
0.079165
0.0685342
0.123525
0.0841271
0.0706289
0.083957
0.131944
0.0663305
0.0904986
0.0853652
0.130411
0.0639384
0.124645
0.0727028
0.11883
0.0591662
0.0899357
0.0813583
0.105354
0.0867905
0.0812063
0.0704925
0.119418
0.0693722
0.0975109
0.0627477
0.126702
0.0818431
0.0762084
0.0533326
0.105138
0.0780712
0.0800418
0.0665313
0.104253
0.0796847
0.0788651
0.0588973
0.130671
0.0590491
0.0758072
0.0629086
0.104875
0.0579204
0.0855063
0.0738645
0.115287
0.0524241
0.0762779
0.0868613
0.0961292
0.131232
0.0768127
0.0920847
0.105148
0.0665979
0.0917628
0.0852014
0.134768
0.0804186
0.0637532
0.0755444
0.0850774
0.0723357
0.0653266
0.053521
0.0710575
0.0700751
0.0829119
0.0791453
0.130711
0.0818585
0.143688
0.0743607
0.096556
0.0662343
0.0845529
0.0704632
0.119266
0.0683078
0.0860109
0.0719311
0.111794
0.0875584
0.0796662
0.108648
0.085545
0.0640236
0.0871826
0.0941255
0.131918
0.131335
0.0900036
0.0639383
0.0943017
0.0548636
0.0679137
0.0969296
0.116247
0.0666027
0.101805
0.0666505
0.130082
0.0605908
0.100697
0.0625705
0.114741
0.0570587
0.106829
0.0642897
0.104875
0.0542552
0.0693592
0.0720762
0.10037
0.0917503
0.0710922
0.0545503
0.109349
0.0792451
0.0954734
0.0720454
0.0894771
0.0408284
0.081585
0.0766874
0.116923
0.0549066
0.0953323
0.0728045
0.0897419
0.0580832
0.0683237
0.0737368
0.131229
0.088027
0.0885068
0.0844903
0.0951259
0.0723071
0.0974672
0.0846908
0.10682
0.0742575
0.0806854
0.0687468
0.0937632
0.0918459
0.0717299
0.0809896
0.116414
0.0652304
0.0835021
0.0561773
0.10411
0.0636142
0.0708415
0.0788897
0.125853
0.0626454
0.0734007
0.0745489
0.103256
0.069514
0.0661515
0.0805257
0.125401
0.0706208
0.0965047
0.0854941
0.129582
0.110487
0.0824556
0.0624641
0.105612
0.0394821
0.0769502
0.0721435
0.114181
0.0638829
0.0821113
0.061131
0.117572
0.073133
0.0903213
0.0721475
0.10082
0.104703
0.0778599
0.0676625
0.129028
0.0683394
0.0864109
0.0692533
0.133821
0.0504537
0.0675341
0.081624
0.123374
0.0924241
0.0918787
0.101007
0.0993009
0.0570536
0.0749078
0.109033
0.0861492
0.101613
0.0741232
0.0804248
0.0925492
0.0801806
0.0736945
0.0781039
0.114717
0.0664849
0.0709091
0.0797461
0.107183
0.0666776
0.105986
0.0704642
0.112189
0.0901309
0.12762
0.0665986
0.124665
0.0528575
0.0690141
0.105837
0.109429
0.0614275
0.0840434
0.0769919
0.134936
0.0801516
0.0626319
0.0821194
0.119318
0.0638813
0.0597969
0.0673394
0.118006
0.082833
0.0980366
0.0913874
0.106166
0.041562
0.079371
0.0428264
0.10517
0.107795
0.0746483
0.102693
0.123428
0.058707
0.0712856
0.0809765
0.11699
0.0647335
0.0962049
0.067628
0.110035
0.120955
0.0669993
0.0801436
0.084331
0.0884715
0.118909
0.0744149
0.111368
0.0658494
0.0913229
0.0697996
0.131194
0.0864562
0.122436
0.0677296
0.109353
0.0724905
0.0880332
0.0776715
0.0958462
0.0780091
0.0784496
0.101973
0.0977413
0.0664862
0.0813562
0.0863771
0.0923634
0.0728198
0.062587
0.0913812
0.118519
0.0965768
0.0650652
0.0691532
0.109187
0.100442
0.0657224
0.103281
0.115447
0.0538327
0.0754003
0.0603323
0.109307
0.0632375
0.0865164
0.0502383
0.0927239
0.0756871
0.0659796
0.0827994
0.0966267
0.0978867
0.0884287
0.0680804
0.11571
0.0624113
0.080032
0.0664433
0.126515
0.0688041
0.0631311
0.0723427
0.121769
0.0579765
0.101868
0.0501757
0.0917587
0.059873
0.0896939
0.0782078
0.107024
0.0924766
0.0770515
0.0851049
0.0912652
0.0470423
0.0662281
0.0565498
0.0943273
0.068047
0.08423
0.0751813
0.100634
0.0552818
0.0890847
0.100434
0.0987932
0.0455108
0.0768523
0.088628
0.100247
0.0856231
0.0817833
0.0709883
0.0928005
0.0815269
0.070394
0.0577671
0.100504
0.0862789
0.0778797
0.136559
0.0952903
0.0795583
0.0778575
0.070074
0.0850819
0.0844286
0.0828658
0.0643736
0.10035
0.0850275
0.069506
0.074492
0.0946534
0.0796573
0.0806997
0.0636384
0.123993
0.0831582
0.0990799
0.0830276
0.121813
0.084046
0.0713079
0.0676829
0.132173
0.0696869
0.0901309
0.0775249
0.119689
0.0661922
0.0613296
0.0759124
0.11857
0.0831072
0.0639405
0.078388
0.128478
0.078584
0.0691659
0.0600933
0.0979887
0.0682754
0.0878355
0.0667772
0.0982391
0.0644727
0.0810039
0.0786436
0.106447
0.0850922
0.0694358
0.0637693
0.105963
0.0572303
0.0812132
0.0742433
0.0892762
0.0541635
0.072861
0.0851149
0.105727
0.0758181
0.0967442
0.0571519
0.10874
0.0937069
0.0696187
0.103738
0.103592
0.0914186
0.0968272
0.0604435
0.11584
0.0637845
0.0736023
0.055838
0.133002
0.0948039
0.082632
0.0616766
0.10318
0.069779
0.0948891
0.0666566
0.110208
0.0644206
0.0984992
0.111263
0.11137
0.0475894
0.0720443
0.0825227
0.0971132
0.0654227
0.0688946
0.050274
0.0961917
0.070959
0.099586
0.059963
0.0921228
0.0819441
0.0997365
0.0647493
0.116215
0.0502305
0.0973803
0.0744409
0.100699
0.0676739
0.0644736
0.0767621
0.145036
0.0606013
0.0736429
0.0993924
0.12638
0.0476627
0.0575399
0.0710122
0.137189
0.06861
0.0664218
0.0703833
0.104918
0.0573916
0.0939338
0.074645
0.101577
0.0766627
0.0879654
0.0911095
0.107101
0.111002
0.0716345
0.0792159
0.106282
0.0693641
0.0635559
0.0970942
0.11415
0.126449
0.0763124
0.0640775
0.0980347
0.0675774
0.0672922
0.072817
0.107354
0.0807514
0.075839
0.0671014
0.147042
0.0876241
0.0649518
0.0591264
0.114929
0.0647937
0.0821418
0.0740079
0.109197
0.0578993
0.0671797
0.070585
0.106247
0.0616078
0.0787415
0.0736298
0.126977
0.0564608
0.0800826
0.0876639
0.101424
0.0736104
0.115079
0.08072
0.104921
0.130555
0.0709951
0.109113
0.0968105
0.0678067
0.0670173
0.0472031
0.124596
0.0723628
0.0711446
0.0695028
0.11588
0.0471797
0.0743919
0.0627909
0.0973648
0.0582075
0.0813673
0.0689271
0.0810045
0.053776
0.100761
0.0723874
0.100955
0.0802312
0.0657267
0.0733393
0.0939658
0.0734304
0.0940287
0.0562497
0.104945
0.0467353
0.074468
0.059147
0.0992039
0.0807051
0.0648908
0.0765029
0.105427
0.0868565
0.0725786
0.0596323
0.11264
0.0771293
0.0769972
0.077336
0.107692
0.0581517
0.0790074
0.0762859
0.0838844
0.0865127
0.10608
0.0656048
0.170748
0.0674592
0.0690444
0.0755642
0.127157
0.0452446
0.0632096
0.0775334
0.107045
0.0916952
0.0711574
0.0696045
0.11243
0.0771669
0.0669517
0.0732082
0.0881275
0.0519238
0.071305
0.0600928
0.0909787
0.0693149
0.0761218
0.0728081
0.126999
0.0779768
0.0773073
0.0501485
0.092831
0.0494035
0.0689538
0.0713535
0.114001
0.106511
0.0719624
0.0560617
0.0852315
0.0388811
0.0725653
0.0716061
0.0882248
0.0585183
0.0915771
0.0652338
0.1151
0.0673574
0.0857391
0.121258
0.101927
0.0908891
0.076164
0.0639741
0.099345
0.0875736
0.0739282
0.0902219
0.0996254
0.0593818
0.0982939
0.0734401
0.107271
0.0783521
0.0640202
0.0846863
0.0848586
0.0639513
0.0761978
0.108408
0.0904628
0.0646659
0.0783118
0.0742381
0.0946211
0.0628025
0.0673653
0.0515699
0.117535
0.0490197
0.0673234
0.049833
0.0981464
0.0673823
0.080902
0.0659811
0.114376
0.058215
0.0705514
0.0553399
0.095266
0.128341
0.0716434
0.0512186
0.105899
0.0738618
0.0697839
0.0919681
0.0911
0.06671
0.102123
0.0626316
0.0939246
0.0622171
0.0696124
0.0980025
0.10602
0.0797116
0.0760971
0.0763562
0.119143
0.0643535
0.0576037
0.0543216
0.108457
0.05855
0.0734858
0.0568119
0.100965
0.0650223
0.0689557
0.0629119
0.100099
0.051476
0.123749
0.0857138
0.0924917
0.083892
0.0828815
0.0724288
0.104392
0.0668977
0.0882984
0.0711833
0.106083
0.0494487
0.0751003
0.0668929
0.0955645
0.102023
0.110116
0.0753127
0.0942226
0.0651065
0.0821142
0.0676566
0.0859702
0.0622187
0.0925393
0.0753686
0.10516
0.0563461
0.0777459
0.0776708
0.115019
0.0714049
0.0641001
0.063062
0.0920453
0.0532894
0.0572925
0.0690511
0.117768
0.0768946
0.0760379
0.0766593
0.112037
0.04984
0.0763454
0.061708
0.104944
0.0796456
0.090965
0.0510507
0.115444
0.069287
0.0738928
0.0885218
0.0945598
0.060512
0.086312
0.0607644
0.0974178
0.0510669
0.0746952
0.0855729
0.0910783
0.0582587
0.0612522
0.05431
0.0937422
0.0886791
0.0869996
0.0858182
0.0961713
0.0788834
0.0784138
0.0539286
0.101669
0.0494918
0.115684
0.0721069
0.0982352
0.0843145
0.0822393
0.0677721
0.089146
0.0563651
0.0830621
0.0415235
0.108396
0.0797675
0.058477
0.057818
0.116049
0.103093
0.0846398
0.0455046
0.0867666
0.0794021
0.0915956
0.0714171
0.112963
0.0700857
0.0856502
0.0652473
0.101582
0.0763794
0.0921162
0.0513792
0.0975016
0.0815994
0.0941118
0.0625098
0.119148
0.0644316
0.0657129
0.0602761
0.096984
0.0591154
0.080846
0.0522356
0.0996576
0.0872424
0.080555
0.0695749
0.0879762
0.0773594
0.0841672
0.0777925
0.0948413
0.0692657
0.0664746
0.0576418
0.108774
0.134141
0.0790082
0.084185
0.128932
0.0682826
0.0826023
0.0512961
0.125947
0.063637
0.0864252
0.0650254
0.0927434
0.0523524
0.059537
0.0807057
0.109968
0.084396
0.0786633
0.0649497
0.100739
0.0591834
0.0726845
0.0816393
0.127874
0.0551427
0.0892651
0.068586
0.0854749
0.084275
0.083234
0.0662033
0.096606
0.0745375
0.0691203
0.0545141
0.119529
0.0572777
0.097826
0.0706602
0.0935738
0.0596036
0.089886
0.0610388
0.0990304
0.112141
0.0872602
0.0567207
0.0920953
0.0738012
0.0546039
0.065618
0.150665
0.0596327
0.0821301
0.0990019
0.0926724
0.096271
0.0857939
0.0843189
0.0953034
0.0807339
0.0744909
0.0727682
0.118497
0.0708324
0.0906424
0.0457196
0.0947599
0.0793174
0.067947
0.05824
0.0978094
0.109568
0.0693686
0.065693
0.0871635
0.0962729
0.0691056
0.0549975
0.0989396
0.100252
0.0809045
0.0546325
0.084775
0.0664965
0.0774967
0.0870821
0.0956131
0.0733679
0.0866435
0.0779232
0.110453
0.0735588
0.0910975
0.0709421
0.105363
0.0686941
0.0723053
0.0636001
0.106225
0.0718897
0.0832452
0.0544072
0.101538
0.0624536
0.0729856
0.0640314
0.0980061
0.0407096
0.0728499
0.0805419
0.117837
0.0671664
0.0730465
0.0759134
0.108053
0.0761748
0.0690442
0.0553509
0.0932323
0.0703145
0.0854906
0.0781861
0.11007
0.0646365
0.0763148
0.0750381
0.0833249
0.0575276
0.0777507
0.0726774
0.0886699
0.0709482
0.0860993
0.052446
0.0995217
0.0761103
0.0860559
0.0598407
0.100329
0.0689279
0.0943637
0.0569428
0.0880928
0.0439866
0.0806023
0.0561854
0.0938692
0.0559026
0.105828
0.0708796
0.113591
0.0575784
0.0872274
0.0777513
0.0829143
0.0574842
0.104467
0.0491284
0.0967652
0.058936
0.0924836
0.0722468
0.113664
0.102122
0.0705139
0.0942383
0.100646
0.0364891
0.0628794
0.0680103
0.108812
0.0588762
0.0732627
0.0495326
0.117492
0.0637203
0.0799256
0.0733138
0.114211
0.0583617
0.0766961
0.0576621
0.111456
0.0607302
0.0800737
0.0764775
0.103903
0.0618724
0.0791738
0.0588552
0.151846
0.0562927
0.0970709
0.0616399
0.115651
0.0527348
0.106854
0.058318
0.124137
0.0975038
0.0698456
0.0531904
0.12114
0.0616456
0.072846
0.0570266
0.101054
0.0535403
0.0743457
0.0614883
0.102922
0.0694624
0.0694138
0.076755
0.111419
0.0470731
0.0873954
0.0609065
0.110269
0.0609873
0.0683793
0.0430399
0.103365
0.0639261
0.0645867
0.0629037
0.146217
0.105102
0.0689684
0.0824122
0.111687
0.0655871
0.0706304
0.0572246
0.102936
0.0437347
0.0794728
0.0645117
0.110822
0.05861
0.0753586
0.0548105
0.109275
0.0665084
0.0770832
0.0933071
0.0897678
0.0763958
0.0838803
0.053612
0.0854606
0.0522373
0.0666542
0.0622641
0.0798827
0.0724714
0.108409
0.0735167
0.0897828
0.0686437
0.0855938
0.0475277
0.103573
0.0739526
0.0719917
0.0733661
0.0967
0.0859366
0.119316
0.0623599
0.11769
0.0588485
0.100437
0.0663517
0.0903776
0.0772134
0.0768714
0.0732312
0.1139
0.0590518
0.0766909
0.0918711
0.0911343
0.0671808
0.0841832
0.0677582
0.107975
0.0502313
0.0964427
0.063088
0.127439
0.0611996
0.104478
0.0358461
0.117013
0.0645557
0.0860779
0.0492149
0.0929991
0.0508095
0.0786079
0.0610575
0.099369
0.101122
0.09823
0.0563298
0.0818244
0.046015
0.0646415
0.0661523
0.0966931
0.0671239
0.0766509
0.0522869
0.0876707
0.0709059
0.0746698
0.0584622
0.088198
0.0494637
0.0889585
0.0696759
0.111771
0.0633589
0.0782833
0.0657365
0.0923069
0.0781307
0.0975995
0.0619545
0.0910697
0.0759795
0.0665638
0.0735941
0.101081
0.0639413
0.076818
0.0728845
0.0877974
0.0525458
0.0727235
0.0725982
0.111087
0.076489
0.0855394
0.0688309
0.104009
0.0710012
0.0690502
0.069756
0.0873379
0.0751291
0.0683656
0.0449263
0.101394
0.0355078
0.075285
0.0785104
0.0950107
0.0881915
0.0890849
0.05394
0.0998838
0.0854808
0.108871
0.0711846
0.111284
0.0772372
0.0604614
0.0600942
0.103239
0.074442
0.082007
0.0556619
0.0987794
0.0749665
0.0795745
0.0888293
0.0932657
0.06119
0.0777534
0.0493029
0.094893
0.0733432
0.0723649
0.0515593
0.122869
0.0590785
0.0733517
0.0546113
0.094286
0.0592417
0.0838548
0.0495632
0.0884627
0.0670125
0.0910778
0.0571631
0.0959186
0.0355818
0.0882377
0.0667288
0.125922
0.0584616
0.0563721
0.0675406
0.0931043
0.0527361
0.0877428
0.0533214
0.138384
0.0430663
0.0745584
0.071597
0.095151
0.0558315
0.0642822
0.0660816
0.0987919
0.0764586
0.0670087
0.060194
0.105972
0.0640136
0.0865863
0.0908134
0.109027
0.0528969
0.0635551
0.0675133
0.116531
0.0523486
0.0860175
0.0702526
0.093789
0.0634944
0.0800064
0.0518649
0.110233
0.0775965
0.0882417
0.0659824
0.106535
0.0724415
0.0695624
0.0680329
0.101501
0.0625327
0.0737855
0.05702
0.0957436
0.0453327
0.0874927
0.0671175
0.133546
0.0484689
0.0773411
0.0663761
0.101788
0.0744609
0.0899458
0.0501506
0.102978
0.061174
0.076859
0.0768519
0.0971382
0.0528607
0.0668526
0.0698864
0.109441
0.0512181
0.0717202
0.0538793
0.107793
0.0832724
0.065442
0.0742046
0.110234
0.0634113
0.0839685
0.0607248
0.0840489
0.0532153
0.0822839
0.067372
0.100703
0.0428047
0.0837743
0.0530703
0.0862182
0.0595975
0.0811646
0.0538387
0.111827
0.0420567
0.0726841
0.0652319
0.115678
0.0727888
0.0912783
0.0598993
0.107208
0.0720358
0.0665051
0.0445408
0.0910541
0.0576768
0.0674726
0.0846157
0.107537
0.0569611
0.0909928
0.063687
0.134947
0.0604793
0.0720038
0.0691672
0.103464
0.0656559
0.0693383
0.0517861
0.102835
0.0616928
0.0785038
0.0611886
0.0950776
0.0634723
0.069001
0.0612446
0.125073
0.051676
0.123547
0.0571184
0.0961847
0.0733853
0.0893718
0.0581665
0.0974425
0.064478
0.0685201
0.0698452
0.0849686
0.0391309
0.105645
0.0769989
0.112901
0.0624976
0.0771728
0.0575669
0.0979249
0.0832008
0.0695299
0.0881184
0.104677
0.0608447
0.0849778
0.0568168
0.0898603
0.0692551
0.0785404
0.05394
0.099074
0.0534687
0.0985063
0.0548648
0.114023
0.0657427
0.0707254
0.0507608
0.0979619
0.0666752
0.0937606
0.0523997
0.125025
0.0722688
0.0917814
0.0477759
0.122692
0.0645294
0.0745382
0.0564607
0.101361
0.0450344
0.0877431
0.0491124
0.091517
0.0575681
0.0747528
0.0544266
0.101777
0.0568685
0.0603353
0.0473445
0.110545
0.0790208
0.0962062
0.0796833
0.0938627
0.0556085
0.0721962
0.0730403
0.122961
0.0862277
0.091422
0.0714344
0.102854
0.04582
0.0719475
0.0696993
0.106964
0.0872657
0.0598999
0.0814884
0.0975246
0.0561685
0.117726
0.0639456
0.0951002
0.059366
0.061345
0.0620915
0.0943709
0.0625395
0.0877266
0.0581043
0.107003
0.108963
0.0715498
0.0681959
0.123095
0.0651949
0.101846
0.0514724
0.0910805
0.0742721
0.0600821
0.0525122
0.118825
0.060434
0.0534307
0.066762
0.0818223
0.0713955
0.101651
0.0570819
0.11177
0.0294379
0.0729188
0.0679997
0.101111
0.0786973
0.0752744
0.068455
0.114277
0.0523623
0.0710194
0.0463648
0.117376
0.0564436
0.0811773
0.0511039
0.15318
0.0702916
0.0721245
0.0740981
0.119833
0.0667489
0.0876758
0.0507467
0.0921035
0.0449179
0.326853
0.0625234
0.0864573
0.0639676
0.0679086
0.0729092
0.11393
0.0496483
0.0656405
0.0516946
0.0955991
0.0474846
0.0635833
0.0651499
0.0999523
0.0458053
0.0634826
0.0636713
0.115887
0.0597471
0.0773067
0.0664468
0.16107
0.0637235
0.0574559
0.0515081
0.101745
0.0806298
0.0770643
0.082764
0.100148
0.0382782
0.059323
0.0660171
0.13251
0.0662455
0.135613
0.0508332
0.100432
0.0457087
0.076482
0.0650785
0.0885572
0.0393717
0.0900278
0.056728
0.088899
0.0748199
0.0755046
0.0458093
0.0777533
0.0596493
0.072809
0.0660233
0.0909804
0.0458175
0.0679198
0.116897
0.106324
0.0385475
0.0873175
0.054259
0.106765
0.0627095
0.0691721
0.0580768
0.0840042
0.0488465
0.0598714
0.0414623
0.138849
0.069795
0.0824051
0.0580924
0.0828346
0.0411766
0.0707499
0.0410794
0.11997
0.057125
0.111812
0.067874
0.099513
0.0789694
0.0690777
0.057712
0.109304
0.0710512
0.0683705
0.0626117
0.108694
0.0655666
0.0736405
0.0575995
0.081735
0.0676253
0.0875271
0.0549427
0.131884
0.0419431
0.0584699
0.0776963
0.0941171
0.0903828
0.0619699
0.0660414
0.0908856
0.0621787
0.0655028
0.0644921
0.0979049
0.0436344
0.0735316
0.0778918
0.124771
0.0751201
0.0808987
0.0567219
0.0818648
0.0700631
0.0512019
0.0618091
0.119554
0.0603221
0.0867462
0.0534407
0.0923016
0.0743041
0.0684698
0.0617406
0.0768995
0.0718803
0.0892659
0.0780568
0.101706
0.0675139
0.0660216
0.054585
0.0950151
0.0815081
0.0699513
0.0518887
0.0941009
0.068824
0.0733691
0.0491602
0.110897
0.0817372
0.0827185
0.0706417
0.0995988
0.0429178
0.0878107
0.0465069
0.0992167
0.0776767
0.0631793
0.0791918
0.112122
0.105315
0.0850064
0.0524811
0.0884709
0.0649438
0.0842901
0.0534873
0.104945
0.0683663
0.0800061
0.0773427
0.136142
0.0635224
0.07247
0.0534468
0.105279
0.0590994
0.0684991
0.0640118
0.0778739
0.0607954
0.0705925
0.0626275
0.0823874
0.0663096
0.111096
0.0399338
0.0738288
0.0464917
0.0659515
0.089877
0.0994492
0.104142
0.0714377
0.0581226
0.105361
0.0447422
0.0878261
0.0573026
0.10004
0.0416466
0.103186
0.0530424
0.0792164
0.0473187
0.068747
0.0462928
0.103406
0.0728659
0.065442
0.0624247
0.106057
0.0788354
0.0740373
0.0515458
0.0840578
0.0607612
0.0667755
0.0562115
0.107449
0.0585854
0.0806751
0.0606238
0.0880144
0.0511098
0.0597386
0.0643363
0.0896439
0.122358
0.0561143
0.08958
0.106432
0.0604256
0.0804984
0.061043
0.0836833
0.0633837
0.0658118
0.0702146
0.110289
0.0707502
0.0857605
0.0521316
0.104761
0.0559854
0.0665599
0.0892056
0.098955
0.0552067
0.24114
0.0481648
0.0861804
0.0586352
0.0694919
0.0480113
0.0891435
0.0532833
0.0549879
0.0486485
0.0906058
0.0656658
0.0595882
0.064521
0.0884824
0.0544933
0.0676952
0.0721401
0.119036
0.0539424
0.0773276
0.0760802
0.0982246
0.0447014
0.0671457
0.0440347
0.10213
0.0552791
0.0564962
0.0688966
0.109833
0.0420714
0.0638968
0.0588993
0.118103
0.0693858
0.0721071
0.0611002
0.0890532
0.0729271
0.0695193
0.0494338
0.0879856
0.0776458
0.0803119
0.0502501
0.114732
0.0641427
0.0805646
0.0568219
0.0983739
0.0523011
0.0651611
0.0625895
0.0896857
0.046048
0.0603051
0.0632159
0.0922752
0.0686629
0.0696184
0.0595932
0.109015
0.0677599
0.0796096
0.0661366
0.0893335
0.0468452
0.0759623
0.0479116
0.10534
0.0867818
0.181121
0.0538613
0.115061
0.0709091
0.0645464
0.0470959
0.114954
0.0449409
0.0785837
0.0960605
0.115158
0.0669747
0.067764
0.0533579
0.0936099
0.048928
0.0787709
0.0526572
0.0942809
0.0748247
0.0644657
0.0710707
0.0958679
0.0801179
0.0725092
0.0772058
0.0954614
0.0638421
0.0839005
0.0631532
0.103364
0.0819081
0.0700257
0.0634303
0.11604
0.0620372
0.0610862
0.0663354
0.094336
0.0738871
0.0658021
0.0440157
0.0844138
0.0726057
0.0758104
0.0764492
0.0906449
0.0489494
0.0572178
0.0694295
0.0911262
0.061721
0.056981
0.0590591
0.111724
0.0663905
0.0688365
0.0605417
0.0825607
0.062622
0.063042
0.0666928
0.0942057
0.077072
0.0593937
0.0599916
0.14465
0.0968783
0.0753099
0.0599758
0.0954039
0.0958152
0.0659407
0.0642678
0.089036
0.0593858
0.0801057
0.0633512
0.117836
0.060961
0.0727549
0.0452885
0.0994217
0.0651826
0.0462099
0.0805796
0.123933
0.042459
0.077599
0.060173
0.0976028
0.0490935
0.0817606
0.0687941
0.114927
0.0609507
0.0549705
0.0736218
0.095856
0.0697681
0.0977965
0.0635697
0.100873
0.101462
0.0632092
0.0558603
0.084187
0.0902253
0.0672323
0.0626026
0.0927356
0.0572828
0.0765646
0.0542763
0.0856327
0.0589725
0.0703474
0.0600294
0.0889492
0.0600619
0.0747365
0.046716
0.0967259
0.0386013
0.0645294
0.05664
0.104117
0.0661599
0.0600653
0.0557133
0.0903792
0.0581768
0.0707014
0.0748464
0.087589
0.0682626
0.058448
0.072534
0.0935987
0.0692535
0.0710692
0.0675086
0.084045
0.0570437
0.0617307
0.0532389
0.117842
0.0476896
0.0658105
0.0621492
0.0944675
0.0493898
0.0712189
0.0494372
0.102382
0.0740999
0.0650747
0.0593768
0.0913929
0.0530657
0.055135
0.0736136
0.0999325
0.0728216
0.0653962
0.0563392
0.105585
0.0656546
0.0572386
0.0594622
0.112714
0.0485668
0.0686767
0.0714307
0.0989691
0.0583991
0.0514722
0.0466834
0.114629
0.0989039
0.0768301
0.0547364
0.0962059
0.0499951
0.0613579
0.0509818
0.0721865
0.0811299
0.101532
0.0749325
0.0920869
0.0591047
0.0682882
0.0654672
0.133175
0.042478
0.0682009
0.0601656
0.0631649
0.0719405
0.0744773
0.0690059
0.103295
0.0625927
0.0784837
0.0644438
0.103505
0.0437982
0.0530674
0.0960144
0.0826067
0.0649768
0.0726417
0.0731117
0.08429
0.0943809
0.075999
0.0603153
0.0936264
0.0464744
0.0565558
0.0718586
0.0958391
0.0621262
0.0813674
0.0880235
0.106118
0.0560667
0.067649
0.0809398
0.10903
0.0849943
0.0701992
0.0787907
0.104466
0.0334989
0.0595363
0.0721907
0.0799349
0.0667235
0.0609535
0.0800359
0.0975457
0.055904
0.0942644
0.0732566
0.0797262
0.0750166
0.0687534
0.0588644
0.116913
0.05562
0.074227
0.0657967
0.0887201
0.105733
0.0671319
0.0547567
0.0865667
0.0471521
0.0513243
0.0689153
0.106296
0.0486601
0.0716413
0.0928749
0.0968496
0.0813614
0.0673214
0.0462058
0.0904627
0.0572597
0.060239
0.0741561
0.0880705
0.0701865
0.0517789
0.0727697
0.100302
0.0859011
0.105814
0.0550721
0.0831373
0.0796121
0.0744354
0.0535507
0.0826086
0.051253
0.073599
0.0577693
0.0921491
0.0508938
0.0818201
0.0710748
0.0860285
0.0612926
0.0972423
0.0565701
0.12896
0.0720516
0.0618456
0.0476504
0.0746602
0.133692
0.0766249
0.0882034
0.105813
0.0801484
0.0773508
0.0770296
0.0861026
0.11249
0.0705044
0.0498209
0.0922579
0.0769571
0.065556
0.0586271
0.0975402
0.0514661
0.0538929
0.0642914
0.0777016
0.0561699
0.080447
0.0779892
0.0727336
0.0616914
0.0820664
0.0441837
0.0842838
0.0798142
0.053724
0.0575838
0.1026
0.0591184
0.0771333
0.0663942
0.0829876
0.0740732
0.061137
0.0605304
0.100132
0.0728218
0.0703157
0.0821282
0.0871531
0.0412854
0.0780741
0.0681651
0.110207
0.0659353
0.0639974
0.0629508
0.105609
0.0524356
0.0717192
0.0592588
0.0922137
0.0625628
0.0668553
0.0520178
0.0948474
0.0575419
0.0818541
0.0622479
0.0695928
0.0663439
0.0568265
0.0655565
0.0925217
0.0762254
0.0478548
0.073381
0.0925905
0.048652
0.0603648
0.0865403
0.0770332
0.0585545
0.0887528
0.0719596
0.0819431
0.0870757
0.0786078
0.0762387
0.0912025
0.0567579
0.0757755
0.0626078
0.0965205
0.0562346
0.0737193
0.0615922
0.0825376
0.055057
0.0720031
0.0489303
0.108797
0.0766217
0.0607306
0.0502835
0.100785
0.0907024
0.0518728
0.0434648
0.0627816
0.0645107
0.0597227
0.0670993
0.0734933
0.0696524
0.0863634
0.0505727
0.0816207
0.0808454
0.0562181
0.056368
0.102832
0.0698933
0.0548651
0.0579558
0.0849143
0.0488477
0.065911
0.0678739
0.106766
0.0447884
0.0603741
0.0729695
0.0813142
0.0662455
0.0705736
0.065443
0.0816164
0.0441455
0.0601793
0.0594946
0.0766468
0.0610654
0.0789831
0.0521943
0.0931033
0.0443064
0.0939063
0.0470456
0.0905601
0.0567672
0.0667846
0.0648622
0.0973037
0.0701927
0.0730427
0.0608118
0.0916309
0.131167
0.0799336
0.0554328
0.104866
0.0723352
0.0702054
0.046523
0.086912
0.0562513
0.0735425
0.0468634
0.0955477
0.056826
0.0671562
0.0658333
0.102923
0.0851425
0.0793734
0.0567443
0.098712
0.0516001
0.0647466
0.0457577
0.0911338
0.0611822
0.0599646
0.0434095
0.0975974
0.0355982
0.0589903
0.0561569
0.111239
0.0473527
0.0633726
0.0566017
0.107027
0.0757199
0.0526059
0.047343
0.119168
0.0574693
0.0967646
0.0758685
0.0964983
0.0617794
0.0644017
0.0629754
0.0874397
0.0547158
0.0588643
0.065424
0.0920216
0.0574254
0.0710921
0.0483131
0.0898069
0.0449923
0.0684463
0.0494916
0.0850445
0.066928
0.0546602
0.058071
0.094211
0.0650602
0.0630969
0.0479645
0.107746
0.0512988
0.0606967
0.0592772
0.11431
0.0825335
0.127862
0.0646842
0.086867
0.0459355
0.0632138
0.0533289
0.0888814
0.060784
0.0592578
0.0582366
0.0990722
0.04218
0.0666512
0.062669
0.0867992
0.0893767
0.0572297
0.0512892
0.0765542
0.0528295
0.0827623
0.0794074
0.0683638
0.0619096
0.0787806
0.0529455
0.0865238
0.0619612
0.0709743
0.0835418
0.0860782
0.063873
0.192716
0.062467
0.0840358
0.0618005
0.0810858
0.0672046
0.0902544
0.0707007
0.0555276
0.0724266
0.0805217
0.0621268
0.0720196
0.0568285
0.0832092
0.054819
0.0568548
0.0485626
0.0784211
0.0684974
0.0715975
0.038704
0.0930385
0.0639784
0.0703056
0.0527106
0.100261
0.0628374
0.0891743
0.053969
0.0811371
0.0506339
0.0639694
0.051045
0.0978441
0.0563807
0.0642733
0.0457778
0.101011
0.0599859
0.0649493
0.0640288
0.109018
0.0832061
0.0684322
0.0666666
0.110369
0.056261
0.0706301
0.0715378
0.101444
0.0726111
0.0507179
0.0584418
0.0862979
0.0663526
0.0618421
0.0428854
0.0826356
0.0732232
0.0868746
0.0423275
0.0818759
0.0475838
0.0761693
0.0545932
0.105961
0.0505333
0.075791
0.0510499
0.0952588
0.0489588
0.073227
0.0592818
0.11717
0.0566547
0.0608977
0.0617458
0.0805214
0.0944116
0.0660344
0.0614417
0.102846
0.0595803
0.0741948
0.0555854
0.090286
0.056213
0.0787558
0.0708691
0.0745564
0.0624226
0.0866271
0.0679444
0.091667
0.0670308
0.0700898
0.0700965
0.0755543
0.0515408
0.0632913
0.0625289
0.0931776
0.0946027
0.0684854
0.0647429
0.0903024
0.0538743
0.0578437
0.0528564
0.0886685
0.0468586
0.0675415
0.0620044
0.0838597
0.0673745
0.0695403
0.0742912
0.102104
0.0528167
0.0671819
0.0450208
0.0956095
0.0698186
0.0692217
0.0492606
0.108512
0.0413621
0.0808504
0.0489533
0.0743307
0.0909137
0.0668576
0.0723237
0.0825646
0.0621876
0.0776284
0.0524915
0.0880692
0.0452546
0.058108
0.0996711
0.0943183
0.0584608
0.0727382
0.0507841
0.117301
0.076924
0.0557209
0.0590644
0.0804866
0.0753504
0.0635429
0.063472
0.0760138
0.0659745
0.10692
0.0750873
0.112355
0.0470995
0.0703797
0.0781318
0.0790459
0.0441371
0.0807028
0.0490139
0.0883444
0.0927618
0.0610512
0.0500937
0.0771461
0.0457782
0.0608402
0.0594024
0.0941532
0.044922
0.0610515
0.054934
0.103576
0.0391836
0.0742033
0.0670865
0.0834825
0.0685027
0.0587392
0.0578857
0.0874886
0.0370838
0.0633705
0.0487454
0.0953164
0.0633908
0.0983332
0.0408958
0.0961563
0.0529666
0.0732032
0.0688498
0.10977
0.078932
0.0757195
0.0690934
0.10561
0.0687662
0.0685476
0.0571363
0.115304
0.0728444
0.072958
0.0545011
0.100848
0.0581629
0.0518099
0.0508819
0.0910523
0.0529006
0.057429
0.069148
0.0994685
0.0455967
0.0584003
0.0564041
0.0881253
0.0666066
0.0567075
0.058727
0.0956764
0.0458923
0.0651739
0.0646169
0.081055
0.0792851
0.0767143
0.0535591
0.086141
0.050359
0.0697875
0.0395387
0.0878567
0.0579946
0.075332
0.0636414
0.0997112
0.0601869
0.0665901
0.0751127
0.0840988
0.0599089
0.0793861
0.0619269
0.123929
0.0548658
0.0755827
0.0623766
0.103923
0.0475518
0.0675524
0.0441991
0.0873128
0.0605125
0.0704757
0.0577995
0.0820817
0.0551661
0.0664685
0.0810154
0.0888542
0.0588143
0.0710443
0.0459439
0.0958213
0.0500157
0.0659899
0.0573715
0.101889
0.0477287
0.0653225
0.0491839
0.107022
0.0909493
0.0574076
0.0576455
0.127967
0.0799657
0.0800518
0.0632627
0.114807
0.0731246
0.0738877
0.053302
0.0925545
0.042551
0.105417
0.0976875
0.0873626
0.0736821
0.0628223
0.0795716
0.0794366
0.041134
0.084761
0.0503378
0.0900518
0.100766
0.0698809
0.0505271
0.109573
0.100489
0.058732
0.0558433
0.0951473
0.0798295
0.0695944
0.0495666
0.108446
0.0827078
0.0662898
0.0464028
0.0787928
0.0564151
0.071892
0.0486914
0.093371
0.0571136
0.0625131
0.0681781
0.0934622
0.056522
0.0775242
0.0481497
0.0903224
0.0598228
0.0534069
0.078917
0.108083
0.0709764
0.0742384
0.0642186
0.0846738
0.0597962
0.0542924
0.0565487
0.0634596
0.0534664
0.0684651
0.0684003
0.0785892
0.0471082
0.0692253
0.0607154
0.11216
0.0619852
0.0482316
0.0587983
0.08806
0.0481538
0.0607018
0.0813224
0.0883282
0.0587729
0.0750444
0.0444139
0.0913364
0.0777301
0.055802
0.0575951
0.102262
0.0708817
0.064014
0.0446376
0.0893369
0.0782401
0.0700024
0.0666446
0.119544
0.0697166
0.0549302
0.0665577
0.0841655
0.0568467
0.0600419
0.0546526
0.106347
0.0656477
0.0673807
0.0615305
0.077715
0.0640114
0.0615501
0.0421145
0.0860121
0.0731252
0.0562361
0.0438134
0.0826637
0.0503222
0.0568957
0.0634462
0.0859929
0.0736634
0.0704116
0.0756467
0.0985809
0.0567661
0.053841
0.0537093
0.0819805
0.0715373
0.0686719
0.0497102
0.120269
0.0770546
0.0525526
0.0487376
0.0990602
0.0388392
0.0688352
0.0393725
0.100353
0.0673588
0.0620291
0.0667582
0.0830571
0.124691
0.0771506
0.0723579
0.0830443
0.0560234
0.084175
0.0530446
0.0824765
0.0654372
0.0690386
0.069633
0.100192
0.0602739
0.067177
0.0623963
0.0854537
0.037228
0.0609409
0.0540336
0.107532
0.0624839
0.0703172
0.0884023
0.102245
0.042784
0.0637059
0.0428685
0.0976794
0.0753727
0.0759397
0.069729
0.0824306
0.0603949
0.0578874
0.0616657
0.0958697
0.0808015
0.0610045
0.0545849
0.107807
0.075482
0.0836121
0.0610411
0.0833033
0.0667731
0.0819673
0.0518617
0.0801627
0.0658228
0.0705813
0.0573044
0.109618
0.0770958
0.0573711
0.0474832
0.0935532
0.059
0.0490441
0.0786138
0.0901919
0.0608857
0.0574132
0.0791735
0.0926392
0.0587306
0.0640871
0.0585797
0.0809974
0.0498496
0.0643744
0.051629
0.103934
0.0556152
0.0712937
0.0474358
0.0912128
0.0413525
0.0789444
0.0495645
0.0861309
0.0855476
0.0544841
0.0829449
